1.000000000000000021e-02 4.000000000000000000e+01
1.000000000000000021e-02 5.250000000000000000e+01
1.000000000000000021e-02 6.500000000000000000e+01
1.000000000000000021e-02 7.750000000000000000e+01
1.000000000000000021e-02 9.000000000000000000e+01
1.074999999999999983e-01 4.000000000000000000e+01
1.074999999999999983e-01 5.250000000000000000e+01
1.074999999999999983e-01 6.500000000000000000e+01
1.074999999999999983e-01 7.750000000000000000e+01
1.074999999999999983e-01 9.000000000000000000e+01
2.050000000000000155e-01 4.000000000000000000e+01
2.050000000000000155e-01 5.250000000000000000e+01
2.050000000000000155e-01 6.500000000000000000e+01
2.050000000000000155e-01 7.750000000000000000e+01
2.050000000000000155e-01 9.000000000000000000e+01
3.024999999999999911e-01 4.000000000000000000e+01
3.024999999999999911e-01 5.250000000000000000e+01
3.024999999999999911e-01 6.500000000000000000e+01
3.024999999999999911e-01 7.750000000000000000e+01
3.024999999999999911e-01 9.000000000000000000e+01
4.000000000000000222e-01 4.000000000000000000e+01
4.000000000000000222e-01 5.250000000000000000e+01
4.000000000000000222e-01 6.500000000000000000e+01
4.000000000000000222e-01 7.750000000000000000e+01
4.000000000000000222e-01 9.000000000000000000e+01
