0.9995044160863161 [100.40115827289267, 0.325422247391855, 0.7571627505309318, 0.542304194502863, -0.8021215053447075]
0.9995043432252819 [100.37490023810804, 0.3248944713196765, 0.7496885936340238, 0.5394378371913654, -0.8064274018265489]
0.9995038089079417 [100.42562559426008, 0.3253164981604903, 0.761716927070405, 0.540844256531227, -0.8025997016200184]
0.9994972083121012 [100.41092091689067, 0.32339326384390504, 0.7474330874513477, 0.5353567035864422, -0.8103207447288245]
0.9994538206770799 [100.43497209979611, 0.3213913538259682, 0.7393613944428977, 0.5283095303847707, -0.818095052871033]
0.9993679981476263 [100.41704761752617, 0.3300443025292308, 0.7846153120856605, 0.5597810799230749, -0.7819060402435734]
0.9993125647255124 [102.30572782733397, 0.3136969434688022, 1.0065986003718987, 0.5252353334004711, -0.7949877147685285]
0.9992933252635352 [100.71503234235381, 0.3293308943286733, 0.8198507710506213, 0.564188156811263, -0.7757840021959572]
0.9990740151733355 [97.59938007309972, 0.347744806837026, 0.4410031059165894, 0.5900301738389099, -0.7930040191831118]
0.9990223300918667 [100.43520058420975, 0.334874464616684, 0.8118523572587854, 0.57729303443556, -0.761386075714964]
