0.9771633060977433 [101.73305873723797, 0.2897721361777551, 0.19890301848791841, 0.8174792095188597, -0.9947688084125683]
0.9770675649717728 [101.28202168736536, 0.299578187487076, 0.22531538711081323, 0.8378216318091651, -0.9774703725515881]
0.97541958940232 [99.95444674868887, 0.30398326644266915, 1.1156917586699191e-07, 1.1322101537664073, -0.9694416739445856]
0.9749435341358476 [100.08351525648726, 0.32329774090632457, 0.20118774414210136, 1.000780843498335, -0.935303749449502]
0.9749332263723507 [99.37523669875529, 0.3241527597302246, 0.08209973760761813, 0.9985060439699887, -0.9498099066611005]
0.9701708386400025 [97.86597235102107, 0.3633266996233342, 0.12348887428724425, 1.010147240404628, -0.8713904355658264]
0.9700561485845294 [94.99592734458633, 0.361263496352096, -0.35394372681410147, 1.0226078866338701, -0.9509084823446805]
0.9699660860038565 [97.06417648766515, 0.36449928827587447, 1.584939560544393e-05, 1.0042762184235379, -0.8790477994427477]
0.969739671319261 [98.07798666038079, 0.3665060935714501, 0.16635166586476607, 0.9980162002181792, -0.8554904976493178]
0.9324807223191545 [107.27345646971929, 0.26400774160446794, 0.6518677010077176, 1.0022664723589316, -0.5061951793089872]
