0.9879215239314401 [102.51573131033874, 0.29073122475120294, 0.028148421541845624, 0.7403890662142829, -0.9316446484498626]
0.9879009265897617 [102.55578081208304, 0.2895591644094464, 0.02252763349709587, 0.7372585898196004, -0.9353059183409986]
0.9878610995866212 [102.41277201389818, 0.29062754441090943, 0.009747102793364975, 0.7387708914887741, -0.9356757945800661]
0.9878503239143749 [102.30054496173817, 0.29215279382868814, 0.006192904660857149, 0.7432661808808306, -0.9320504623200259]
0.9878293490697193 [102.24995943546844, 0.29248476782251487, 8.44242146789499e-05, 1.2554944105035388, -0.9319440573627198]
0.9876905813521105 [102.25364292562217, 0.29232080034205854, -0.000604487142667065, 1.256337673377383, -0.9317724284434277]
0.9876342953450221 [102.18180798408795, 0.29188229291058754, -0.01612237086305906, 0.7408828375284106, -0.9357118231825488]
0.9876058751211846 [101.98326332970957, 0.29424165694521853, -0.024618329495123315, 1.2544838802620073, -0.9319010053527768]
0.9811064618446421 [98.90481194067567, 0.369700052935085, -0.0006741647267713661, 1.0265036107896162, -0.7445086853711236]
0.9808146959739127 [98.73079745998095, 0.37790758846412076, -0.004435620294702162, 1.0032208155278937, -0.7276420531857568]
