0.9999033603229224 [100.21420664821494, 0.3298256791120269, 0.5104810559571628, 0.43910423264414145, -0.788790678906488]
0.9999033532752425 [100.20620245753184, 0.32992953598532254, 0.5096895513697097, 0.43922103606843, -0.7886806284924854]
0.9999027400762612 [100.20914476190006, 0.3296708505773315, 0.5093271462716693, 0.4397483154555779, -0.7896504647070756]
0.9999022103636663 [100.22396514735617, 0.3287269672961496, 0.5057922956613846, 0.43526092935959976, -0.7928952652646785]
0.9999022103206998 [100.23002185335946, 0.32866617158061895, 0.5062519963754868, 0.43538027185954936, -0.7929421657803959]
0.9998855303862337 [100.80413764359406, 0.32553667768805844, 0.5753493324818455, 0.4318153082239008, -0.7887147091434621]
0.9998793342047492 [100.16786612114211, 0.3323186726791893, 0.517556961149636, 0.4466806039870883, -0.7806511252421808]
0.9998793340273073 [100.15570680126082, 0.332366400677529, 0.5158486321884748, 0.4469522717110769, -0.7804454367644447]
0.999811552265621 [100.3344422685078, 0.3237776109166436, 0.4936916022733082, 0.41977690410480306, -0.8094231217043757]
0.9997142865575386 [98.51730950209271, 0.3433911432651124, 0.3379888214562576, 0.4393830815030436, -0.7977111043876519]
