0.9998973963744329 [100.15143850091587, 0.3295495594251616, 0.7506313665486275, 0.4376391927964666, -0.7928486700358088]
0.9998930926417822 [100.13851486978882, 0.330686152537365, 0.7544354430648159, 0.4414568132881813, -0.7886514123941286]
0.9998930664031429 [100.1295568595286, 0.3307044002634754, 0.7531883838608755, 0.4415619946277485, -0.7886303861065445]
0.9998927951277488 [100.21516746136282, 0.3279537232125108, 0.7527570820248685, 0.433529484794981, -0.7981500584612911]
0.9998807731746393 [100.12613870349753, 0.3318436895482283, 0.7583714801844179, 0.44514973035531613, -0.7844189350598237]
0.9998799166453871 [100.22139662650974, 0.3309721493831929, 0.7675348977523445, 0.44544907519481247, -0.7841559609730764]
0.9998624359576376 [100.2235705488932, 0.3259007409028366, 0.7426950663231341, 0.4258770139952669, -0.8055251178481542]
0.9998603799988564 [100.11246302031296, 0.3330859238196256, 0.7623481965485479, 0.44885266328794343, -0.7800423630937418]
0.9997956173343886 [100.10917351173094, 0.3351859628485814, 0.772161763074567, 0.4562284380182241, -0.7717123641109773]
0.9993793452786512 [101.83982216805097, 0.328140289391271, 1.0018217140187684, 0.4526814625924933, -0.7492371705342198]
