0.9871144815877572 [99.65921966043496, 0.3443498124841836, 0.7539933993615291, 0.8806655740412704, -0.8161805589965405]
0.9866279343738756 [100.11141773807594, 0.3578461870038166, 0.8524562825526989, 0.9602883460460739, -0.7063398993013266]
0.9866026995093101 [99.04639670701621, 0.3555614850872112, 1.300563285103952, 1.0715478049957332, -0.767007654056751]
0.9865940017577473 [99.09899430189529, 0.3631570258565439, 0.7300318403499301, 1.03688391881551, -0.7237200193055022]
0.9865510918655609 [99.65464354638048, 0.36362613554713763, 0.7990227521001043, 0.9847086724248761, -0.6882334340128495]
0.9865162516431432 [100.13936040091141, 0.3611823855271724, 0.8665649690751211, 0.979223598490825, -0.6830371290837212]
0.9864521708719316 [99.76740468342295, 0.36419236810495204, 0.8195865772910853, 1.0073194185002974, -0.6769555265434664]
0.9840690466200325 [95.5935237762834, 0.37850429590612894, 0.25267344437893935, 1.016167890999243, -0.7670233792170884]
0.9819512277360107 [102.60131655393158, 0.3284630273070198, 0.99841670986092, 0.9876809583972521, -0.5894676266203644]
0.9809207164326542 [96.12797452686799, 0.30624410348693665, -0.14939493210358876, 0.8024747543522954, -0.9793443221038809]
