0.9999872425361318 [100.07320160828195, 0.3325066562622888, 0.5061847169573428, 0.33210795085564226, -0.7852901393989442]
0.9999872424079609 [100.07131909585438, 0.33252423232152545, 0.5059844878575859, 0.3321445329715934, -0.7852920396610397]
0.9999858808382397 [100.110539036557, 0.3310028919843726, 0.5033505577828852, 0.3285231431087329, -0.7895398485000482]
0.9999778661140982 [100.12583667757708, 0.3296365492166422, 0.49905102341616003, 0.3239448151170299, -0.794267331482359]
0.9999778618314322 [100.12152855081715, 0.32966039223595806, 0.4986056163275078, 0.3239645322515019, -0.7943200289820675]
0.9999690740518563 [100.0334627589784, 0.3352688906958394, 0.5143769068667337, 0.34028754554534113, -0.7764286336891646]
0.9998892454330032 [99.97690136026704, 0.3395336866173781, 0.5267160260393837, 0.3525660915033947, -0.76288976099473]
0.999837716201304 [100.25439501558768, 0.32270270867142087, 0.4805954959447486, 0.30320181937217733, -0.8167565677577238]
0.9998005574127592 [99.94936154881003, 0.34232133690465216, 0.5359576863214525, 0.3603064416850248, -0.7538484717126386]
0.9994913586785713 [101.58880181943346, 0.3346096378366485, 0.7324963351561431, 0.34997317344756396, -0.7374035126695742]
