0.9999993891819091 [100.02166725391606, 0.33235071125658233, 0.24887358431502532, -0.0010930453265857328, -0.7900509510421274]
0.9999993840223411 [100.01714532407121, 0.33238942299216395, 0.24842178015845368, -0.001309407758220511, -0.7900120881471127]
0.9999992383218173 [100.00653548719117, 0.33463365765723085, 0.2582245502296125, 0.00039412387884318455, -0.7844777209820601]
0.9999989991465702 [100.03117929017387, 0.3322747038676998, 0.24974626549281667, 0.0019320033416881468, -0.7899774937053707]
0.9999952174585472 [100.14352144897913, 0.333668406126683, 0.27158596922107087, -0.00683377982797332, -0.7840188384046562]
0.9999782327631105 [99.98759952745309, 0.33910619995173585, 0.27731465476929545, 0.015398986307297838, -0.773344562086081]
0.9999399303397112 [100.34900477695373, 0.3276099171333758, 0.26814880189494217, 0.029665653345514013, -0.7945145909668428]
0.9999349017662615 [99.96041415288227, 0.3439685659033112, 0.2961907820760295, -0.0061027218022945, -0.7623364600107596]
0.9999076654045361 [100.64299429367327, 0.3388771196690638, 0.3609368871425007, -4.440742636155495e-06, -0.7561019567574632]
0.9997787972893362 [98.04445991315637, 0.3503853243297945, 0.07291652749809446, 0.011896777913409888, -0.7877276227480638]
