0.9999033654664882 [100.18267056070073, 0.3299202520861044, 0.0026184140255180255, 0.4386265119486389, -0.788382623611418]
0.9999022017645322 [100.11873296787336, 0.3303615295329134, -0.004072267619301698, 0.43926063677511296, -0.7882181478246931]
0.9999016934121672 [100.15792319605933, 0.3300545256519069, -0.00037835541300970546, 0.4388739310066526, -0.7881848716900248]
0.9999016788969828 [100.15882127851759, 0.3300354283269793, -0.0002876737944913913, 0.438857679116602, -0.7882272584151823]
0.9999009999640508 [100.00626694174909, 0.33232750922246473, -0.0072874733914121605, 0.4437568648988093, -0.7844581453015449]
0.99989886568824 [100.14370935183366, 0.3314021681196525, 0.0070228380645136704, 0.4421416613268854, -0.7845835933609109]
0.9998907216200118 [100.56312355861023, 0.3272219367491632, 0.04067191634263957, 0.43444401619792494, -0.7882031042990169]
0.9998904478285896 [99.50269109615931, 0.3348274031414229, -0.0653852414450884, 0.4462667796603617, -0.7881524897375098]
0.999866219900933 [100.55601305418622, 0.3295712547233144, 0.05588180355895825, 0.44095936600007324, -0.780725100190792]
0.9996801519538671 [99.36748322023783, 0.3445637695792787, -0.02099539809452385, 0.47038920720700766, -0.7618956618528222]
