0.9994712195513471 [100.52708477308684, 0.3236992577601625, 0.5147225922031414, 0.5365947867776217, -0.8025657196010139]
0.9994709580323546 [100.4977189849022, 0.32390312195798837, 0.5114566439843033, 0.5366684912848836, -0.8022479496055922]
0.9994697202551974 [100.5441871204519, 0.32446151717623634, 0.521940126729149, 0.5399111869253237, -0.7984780302369355]
0.9994697144277724 [100.53987459522999, 0.3245568650733558, 0.521860471076613, 0.5398370174854541, -0.7985484416270326]
0.9994659807277508 [100.23576063577639, 0.3258667564830975, 0.4827594372134074, 0.5399709219984006, -0.8020082808398663]
0.9994626083284782 [100.59124013517422, 0.3222206851532418, 0.5150891448736882, 0.532763738562978, -0.8063297643430876]
0.9994557926071156 [101.13308033686538, 0.31930145840227664, 0.5801463910578301, 0.5301460834636114, -0.8018594517785136]
0.9994301673191368 [101.30978435929525, 0.31978074355010583, 0.6127083071215975, 0.5334893590185976, -0.7948367159580884]
0.9993612366181585 [100.47105717295796, 0.32887159608129335, 0.537702560967928, 0.5542600696761688, -0.7828993108094395]
0.9992484497823987 [102.59622112783993, 0.31176293682694434, 0.7637211079587347, 0.5224323874762746, -0.7909717046337911]
