0.9995723226473604 [100.3089106834023, 0.3257204221498958, 1.0039674095144102, 0.5441553073561299, -0.8058093153426951]
0.9995722315372606 [100.31467589203987, 0.32579523665348226, 0.9977366897445104, 0.5435202858776544, -0.805937713283331]
0.9995688815047964 [100.28693901842036, 0.3268157515850875, 0.9984051855237353, 0.5477174412231416, -0.8018818538777002]
0.9995688473355429 [100.28279112098664, 0.3268648769099045, 0.9981493999284026, 0.5475910482175196, -0.8018905503451925]
0.9995688376294811 [100.29108927201978, 0.32679899183256295, 1.0015345859858447, 0.5480369191142782, -0.8017656767638482]
0.9995667872195725 [99.9897326800927, 0.32811006640145346, 0.9567342061875213, 0.5486801791488456, -0.8051843561720574]
0.9995228424194378 [100.13172311854906, 0.33041743801460927, 0.9984986802370344, 0.5510765450095529, -0.7975781171262984]
0.9995083892080586 [100.14003646159782, 0.33115377737378915, 1.0019803017070945, 0.5580696596970189, -0.7898556121968127]
0.9994751170719888 [100.14091845852903, 0.33153433943675226, 1.001510159561569, 0.5641359390602225, -0.7854739206922327]
0.9986314385997004 [99.01617803017717, 0.3500046505612082, 0.9018937102917586, 0.622001959032777, -0.7413191941467793]
