0.9994759554136353 [100.60936614532083, 0.32335600839635414, 0.27141499811925196, 0.536037334975164, -0.7984407902936288]
0.9994759414849372 [100.60812885809202, 0.32334355151763616, 0.2710088497061456, 0.5361715955995192, -0.7984334843406766]
0.9994747177705271 [100.50525838754908, 0.32504938632775254, 0.2671601633948235, 0.5405106515076791, -0.7947030820633341]
0.9994725609488451 [100.80239246803947, 0.3229233711501226, 0.2986569995068539, 0.5367175568365834, -0.7947968569932464]
0.9994655906439266 [100.1395643550887, 0.32677547158339304, 0.22255227009247217, 0.5418819884913113, -0.7987060532588001]
0.9994470342688294 [101.36613238921419, 0.3188058575737348, 0.3579229839369915, 0.530115745106387, -0.7948628282788428]
0.9994388335339656 [100.52730998165097, 0.3269237480485652, 0.28360760542301283, 0.5464035573503327, -0.7871870117201762]
0.9994349341350992 [99.69721486674368, 0.3301599904163717, 0.17486206989201486, 0.5486052887067552, -0.7970840771087452]
0.9994140751080829 [99.42561585160051, 0.33341427536078544, 0.15632578319058768, 0.5543120839391722, -0.7940390201945191]
0.9994063907316713 [99.37778604830993, 0.33348407471853614, 0.14935854420485822, 0.5555508999605828, -0.7937613505333325]
