0.9773851475049895 [102.71228966715552, 0.28352299487231214, 0.02184923959749345, 1.1968442770685943, -0.991618196095537]
0.9772997968465046 [102.58931110485136, 0.2840614935154229, 0.004937002194242991, 1.1944405544074423, -0.9907449496056041]
0.9772976223487035 [102.36476452849344, 0.2881418934364496, 0.01043754862360066, 0.8104929378002994, -0.9885666085292747]
0.9772896400108368 [102.71075096537042, 0.2820679510476777, 0.0022696555978382682, 1.198428542537671, -0.9926701206848594]
0.9772862865765717 [102.63926407906999, 0.28273606258646394, 0.0009520415842874455, 0.8008255910368196, -0.9947254263787153]
0.976932531696382 [102.50136638154514, 0.2847709682510237, -0.0018106949006960974, 0.8052882414625248, -0.9903727157528781]
0.9744768684606444 [100.50629283706806, 0.32184289706130864, 0.002934722300335494, 0.9986834063553297, -0.9248764098398239]
0.9692040377906418 [98.85667483747562, 0.3568147046252055, -0.026275406638555286, 0.9886731783601308, -0.8637200565374681]
0.9691861113904376 [98.98927021073848, 0.36290640596232027, 0.03802580531971904, 1.014471168293369, -0.8565161958043446]
0.9688815938899751 [99.13665614566952, 0.3529803624727066, -0.007231955618829566, 1.0092282741063803, -0.8562741289470317]
