0.9999997955935394 [99.96517052862339, 0.33367626564064967, 0.4970208292059965, 0.1096911138101637, -0.7855272617151906]
0.9999968122866026 [100.04957164912389, 0.33251770789905777, 0.502478378990237, 0.1180901870856942, -0.7854891163023497]
0.9999806712535174 [99.47930252565928, 0.33640401725276275, 0.4449223681300579, 0.11493819546859416, -0.7870990512241363]
0.9999780655476352 [100.00114336377784, 0.33885524936339806, 0.5244154636601931, 0.1224730493786552, -0.7690867396041038]
0.9999718891145565 [99.84826142310453, 0.32849766492073756, 0.45589923279572875, 0.10916087207185894, -0.802370858088624]
0.9999539108931298 [99.66820184613393, 0.3354407392212154, 0.466122462350405, 0.08183190237600158, -0.7910018240452326]
0.9999018752993559 [99.90336847127512, 0.3436250225735243, 0.5335193145119652, 0.0929358655431849, -0.7630056088961428]
0.9998808283870252 [100.01309360427581, 0.3462481289192156, 0.5562236556004284, 0.1382728176018248, -0.747515824707663]
0.9998113344013182 [99.65516263026953, 0.3372246521443141, 0.47229612155162776, 0.04902839549223074, -0.7894814489802233]
0.9996505416934554 [100.07022469566937, 0.35522693494145846, 0.5968589073959861, 0.159420951615239, -0.720530446566555]
