0.9999035365346691 [100.42349131538573, 0.3281860785770825, 0.27924880152794185, 0.4365332651099545, -0.7882984335423382]
0.9999020478097214 [100.13628930849681, 0.3313424885404357, 0.256663820224872, 0.44287944871891927, -0.7847629878600034]
0.9998808315427685 [99.46966672297287, 0.3365109367199615, 0.19017394247502456, 0.44948096222513567, -0.7851992198283979]
0.9998731492327436 [100.89423060803992, 0.32595320439380987, 0.3359337168149563, 0.4342851744399223, -0.7844324220524651]
0.9998523023515629 [99.22518652253152, 0.33610830484967646, 0.15117080616805728, 0.445362115642203, -0.7928516295442145]
0.9997850550890761 [101.67668163868015, 0.32064570438698103, 0.4191827398971214, 0.4252079597671082, -0.7830243302866627]
0.9997351147281356 [99.93442959715408, 0.33852006920800964, 0.2703453231800397, 0.4620951815155997, -0.7650709386693353]
0.9996798197920669 [98.09772295062697, 0.34711744042115367, 0.04761398025979235, 0.47053252638082416, -0.7841112844764768]
0.9996673059562081 [98.02451157367804, 0.34775858137307347, 0.04141113888008615, 0.4705374361060747, -0.783604005849425]
0.9995151705270764 [100.12829385404214, 0.34064116796119315, 0.30996232302232074, 0.4707765676916002, -0.7527898379193515]
