0.9999987671176718 [99.97936974177492, 0.33355642320366286, 0.9977960793261468, 0.22151100566582882, -0.7853898957278774]
0.9999948198372847 [99.93800221868665, 0.3352422119475215, 0.9984925197804588, 0.22576985267520588, -0.7806852297520411]
0.9999849279722168 [99.89244224597671, 0.3369514465748902, 0.998386167388662, 0.23055517598878972, -0.7757841599120969]
0.9999763497110261 [99.98510589119861, 0.32915609203257, 1.0190075217188395, 0.21060532537952203, -0.8001775478345323]
0.9999405179506622 [100.12650863956267, 0.3279103591147282, 1.001501834845043, 0.1927522304115309, -0.8041135540485578]
0.9999185191274453 [99.73750396275422, 0.3424579144831834, 0.9962289882088143, 0.2441883026850502, -0.7612242049102749]
0.9998693066578194 [99.73062677791559, 0.3447606951696177, 1.0015378129319912, 0.24719739214444242, -0.7499363477303845]
0.9998170095649447 [99.91880295562677, 0.3385120078998972, 0.9969198157790389, 0.2730056158438235, -0.7578187070436581]
0.9986885265088371 [98.10658093160775, 0.3804022960669716, 1.1344913121326026, 0.3338053877820474, -0.6817554615830403]
0.9954911002625775 [98.85838471539203, 0.3910474148722283, 1.0015091333766277, -0.034433009817016094, -0.6854796936847315]
