0.9775474242724692 [103.14712540929835, 0.2862679519222897, 0.7019316897090668, 0.801244341996793, -0.9916623756651726]
0.9775430491812679 [103.3117066431085, 0.2845300408301559, 0.7116447196677991, 1.2031397097724745, -0.9934918072145287]
0.9775383638760039 [103.00211507384088, 0.2873022876028881, 0.6845025103171596, 0.8037342073254164, -0.9914512674640921]
0.9774948172637452 [104.27731058376536, 0.28008849361714844, 1.1554038532510198, 1.2103371547171533, -0.9877881737978877]
0.9773918417935424 [103.25061861029795, 0.28101351399326124, 0.6586290516314628, 0.7909064626238961, -1.005921657499782]
0.977048120677589 [101.061875366658, 0.29610626549792923, 0.4249385107581256, 1.1797059133998835, -1.0060519079268913]
0.9726430600510875 [97.32388563193399, 0.3547671837364706, 0.23815931061058515, 1.0518232644079824, -0.9261731914468002]
0.9725639129440689 [99.08460925661814, 0.3518200192873449, 0.5112121369030366, 0.9560992267310662, -0.8642693886114535]
0.9724086756944954 [99.54586357230262, 0.3562024826315819, 0.5942098235966567, 0.9760068777510501, -0.8245232226744443]
0.9721110850361901 [98.66758286541956, 0.36413894137971514, 0.4915387971959885, 1.0018426900964807, -0.8180321544960398]
