0.9959175192340554 [102.21306936088037, 0.3067587098934947, 0.916568432878862, 1.2913414125131908, -0.8572113266269303]
0.995916479730445 [102.19028831927373, 0.3068663139825885, 0.9169277533177751, 0.7072695595951733, -0.8582265143931564]
0.9959153630165498 [102.41239306704453, 0.3053451409447745, 0.9424074812778345, 1.2948253768462654, -0.8575249173402849]
0.9959144489397447 [102.28426245430688, 0.30548820683281397, 0.9201377632258123, 1.2955981028402919, -0.8610024264242591]
0.9958838822742289 [102.12500025274318, 0.3049745336966293, 0.888806428741173, 1.2995364165800642, -0.8681717292492606]
0.9958835804204174 [102.08878376768817, 0.3051632027127523, 0.884449874371166, 0.7007567895855851, -0.8684312481090816]
0.9958833112320956 [102.15232692462618, 0.30497285459691004, 0.8932296915833264, 1.3002365531000546, -0.8676534681683908]
0.9957967383747272 [100.90695279274654, 0.3138647713678921, 0.745640192778084, 0.7219787274093841, -0.8644448529844329]
0.9957930559995346 [100.85026832874928, 0.3147115390105977, 0.7402986802987008, 0.7225265594941032, -0.8623777718009784]
0.9954800775903918 [99.5812115169986, 0.32660408663821255, 0.606861797570825, 0.7499718853745723, -0.8543104131470631]
