0.9999989285704324 [99.97358016795121, 0.3334800077471116, -0.0030294300110008813, 0.22262737398725357, -0.7853458994498494]
0.9999851251569168 [99.80267756063206, 0.33804768136191615, -0.0003767462461893792, 0.2313909164102039, -0.7763391095710709]
0.999967506954409 [99.82191101776229, 0.33963765395575657, 0.011022742098138813, 0.23489726552280815, -0.7715598489992578]
0.999966990370904 [99.74085891325686, 0.3402251161377931, 0.003414259779005416, 0.23539957516992843, -0.771851596079481]
0.9999099373581051 [99.37441307987824, 0.3462812118088252, -0.013277612008935602, 0.24634137940550122, -0.763299672431349]
0.9998857408902306 [100.4571787441807, 0.3203623664255779, -0.015509970995552787, 0.19737531092129, -0.8127257648871262]
0.9998826959056099 [100.61281011729363, 0.3194999796121154, 0.0014307815177287905, 0.1943742747935887, -0.8126020856268492]
0.9997740672578876 [101.4505793013413, 0.31744645897858825, 0.10935135197077454, 0.1707676959569288, -0.8052065821502047]
0.9996578057949106 [99.12996794869488, 0.3570564398024551, 0.009122819603511002, 0.2676943602420247, -0.7406942817417712]
0.9995050817673437 [98.74432381851257, 0.36379129842393404, -0.009165731890854652, 0.2790332866462687, -0.7320669721601227]
