0.9984697498222219 [101.10459742604337, 0.31630610555071503, 0.7997095940937751, 0.6320095837332647, -0.8264429135611573]
0.9984697456691757 [101.134483835422, 0.3160228565718426, 1.1967328945432838, 0.6314627091207361, -0.8266622277228983]
0.9984691255570954 [101.07508671003184, 0.31662060823109084, 0.7965938049480881, 0.6326030391272612, -0.8268320030304208]
0.9984658586688426 [101.14248272034754, 0.31771932310676665, 0.8154251876971877, 0.6379665101142282, -0.819086540335117]
0.9984658529202365 [101.11747374027999, 0.3178935433723754, 0.812235298294194, 0.6383669119777715, -0.8190562193059943]
0.9984645330802374 [101.28549032293532, 0.31680991465538805, 0.8325677713101955, 0.6358674961761239, -0.8185555503625046]
0.9984613750007598 [100.65797031227221, 0.3203937162563144, 0.7527955400149432, 0.6413717483945749, -0.8221711327364133]
0.9984414473959976 [100.46062610679095, 0.322477382028785, 0.7324920742972405, 0.6487036517648561, -0.8176946956567288]
0.9984244214060096 [100.18009800881325, 0.323258901228884, 0.6929611929528927, 0.6440559474688112, -0.8247583911727676]
0.9984095766116531 [101.08091218443697, 0.31385662365282097, 0.7805415318892861, 0.6222150546378205, -0.838180197671468]
