0.9999987776616936 [100.02601246597003, 0.33399761893245017, 0.5085235316101023, -0.004745289766870725, -0.7888798875382422]
0.999995436306041 [100.0245256765781, 0.33197645193061853, 0.49881569648565116, -0.009231967674536407, -0.7943214777710625]
0.9999869525696666 [100.03659512733017, 0.33802640210212226, 0.5280367382262054, 0.006222439756139545, -0.7777483977204214]
0.999970776763278 [100.04893621098991, 0.33996900821515685, 0.5381558767420614, 0.013097198196855014, -0.7722581274174412]
0.9999243241464746 [100.08587068507497, 0.3274775902749165, 0.48427730845944705, -0.0377807896164223, -0.8048127669827697]
0.9999233414357934 [100.03647533333364, 0.34451359231903883, 0.5550078443654427, -0.00026665256687745777, -0.7609328990200817]
0.9999168889035824 [100.02392250742483, 0.3447342020463215, 0.5542623244813455, -0.005431438931625079, -0.7609853685213658]
0.9998952331400953 [100.09086952739807, 0.34604784068604777, 0.5685977847099317, 0.0203029566140979, -0.7553536882503378]
0.9998570176944557 [100.04223589810042, 0.3489145259293923, 0.5732433625512342, 0.006210296610687298, -0.7497536649449243]
0.9998282952067287 [99.95382483090815, 0.3375223671944863, 0.512791343776499, 0.06405068966614093, -0.7775146356790117]
