0.993834418159062 [101.71694815613128, 0.30364671114288555, 0.015910237887522605, 1.313438169506537, -0.8641414825993194]
0.9937580010857313 [101.57548465903129, 0.3042964048646332, -0.0016576015877553122, 1.3116354550886669, -0.8639680260169653]
0.993754664454129 [101.57000001104755, 0.3041487826661545, -0.003543224440553873, 0.6884842104560454, -0.8638438514961551]
0.9937521523419321 [101.55608458381036, 0.3042899031967645, -0.004761821415556201, 0.6885759695866374, -0.863578459552766]
0.9937504609730415 [101.51945001551904, 0.3049819672442624, -0.004904656508664457, 1.3112908436892328, -0.8638828051852768]
0.9937486617481954 [101.53668940207017, 0.3044160543419454, -0.006559478702533386, 1.3112758975905379, -0.8636827194734253]
0.9937480375890358 [101.51353372266013, 0.30467847185105124, -0.005979312480882107, 0.6878637561641265, -0.864548236108936]
0.993742128837047 [101.5051947364253, 0.3046737472349701, -0.010067199639996858, 1.3103975408378061, -0.8638419472309029]
0.9937419895518075 [101.45749788515943, 0.30596067410644323, -0.006497494412864876, 1.3065669725606546, -0.8601005727582263]
0.9937089760378686 [101.34850190908655, 0.3056599285091688, -0.026492271734612362, 0.6914589949322942, -0.8638035552541137]
