0.9947751023276326 [103.21090313736383, 0.29546489311156265, 0.4573599707714945, 1.323402450129068, -0.8662670277869489]
0.9944421354337362 [100.58460572623244, 0.3123334568349354, 0.15650286120121593, 0.7120144264940238, -0.8654935927669655]
0.9942184119165308 [99.7697961957789, 0.3185804647488898, 0.07198002227531539, 1.2748349374536465, -0.8651822666227299]
0.9941390698157889 [99.4444802902292, 0.32228901630196494, 0.047753585288589806, 1.2667975454251135, -0.8610802682531571]
0.9940378968638459 [99.24640481233081, 0.322455738952905, 0.01729921715119984, 1.2674002681286494, -0.8635890546732123]
0.993918674674337 [99.00787702000156, 0.32495529249695354, -0.006245808980291864, 0.7413177509328477, -0.8570378260030969]
0.9939017221521994 [98.87564317381343, 0.3263569078345647, -0.013364037396818186, 1.2580657116313705, -0.8592784397413014]
0.9937708963314855 [98.62615956707299, 0.32795166853013924, -0.044825527852718955, 1.2521904963928878, -0.8572176290531277]
0.993616331316194 [98.07422476823567, 0.3347887833251991, -0.07833661923541226, 1.2428081143168552, -0.8554133201780125]
0.9895972648830221 [99.66886521027293, 0.3642557682713893, 0.2911852648454486, 1.0008906067586543, -0.686863764884104]
