0.9999984697578262 [99.92141035667728, 0.3338488400292598, -0.007473482809590674, -0.005399601135272297, -0.7857489084794638]
0.9999980116175937 [100.15600203066006, 0.332310430235084, 0.014742207087898335, -0.0034539018313919307, -0.7847120070668696]
0.999996045401616 [100.11439388552722, 0.3348730470448118, 0.02314856123163358, 0.004138869881417185, -0.7793138384234228]
0.9999949356707661 [99.82268389117036, 0.33681102765952275, -0.004344995614735029, 0.00636198244793817, -0.7805768465842283]
0.9999933060841346 [99.84608181980519, 0.33201471480592326, -0.027266039849289596, 0.004887558899093047, -0.7917408440572408]
0.9999922951007295 [99.87461171623855, 0.3364321747413507, 0.00037105309600143503, 0.011401438097332618, -0.7803582658893812]
0.9999898727686811 [100.28467831736148, 0.33373177773605167, 0.039151904000901114, 0.009844817911291808, -0.7785752669714185]
0.9999361560851611 [99.98015982357344, 0.33340165465704574, -0.00390614161900298, -0.03733212740349723, -0.7848703966291615]
0.9999065059301553 [99.55444262015389, 0.3409068135396977, -0.019293458789251337, -0.04056996302400095, -0.7754101719783046]
0.9995941264001571 [98.51368612687185, 0.3713237956033139, -0.005458032308106528, 0.007698441285502557, -0.7316345847705261]
