0.9999990278307173 [100.02811543313464, 0.3330785571714515, 0.752965830527796, 0.22145475215774418, -0.7853451214283325]
0.9999967324347283 [100.02058969523472, 0.3316890507266994, 0.7459222215154384, 0.21754383278554948, -0.7903785480993816]
0.9999961221636418 [100.13126078648989, 0.3307881606718016, 0.7580322208260295, 0.21696755983190952, -0.7905824217025421]
0.9999959940765712 [100.02809426285842, 0.3345400516366738, 0.7592610224246883, 0.2253510060290565, -0.7804193136842437]
0.9999891414943918 [100.02653794770987, 0.33016940865377264, 0.7402075726072253, 0.2134482611948823, -0.7954356074435365]
0.999973824092008 [100.02435589057785, 0.3375330363008918, 0.7709749624741205, 0.2334088027737011, -0.7703870845720918]
0.9999552915853974 [99.81740338049936, 0.3287095073933187, 0.7036145980466009, 0.20813304681464168, -0.8058115369246999]
0.999934947398507 [100.05613873197413, 0.3256245031668432, 0.7238472252088499, 0.2014971874016276, -0.810448097065728]
0.9997748370047078 [100.24543894208176, 0.34448313377039486, 0.8272908351397148, 0.25890081834148915, -0.739809042998669]
0.9979265435405105 [99.88800845846724, 0.38091818646135384, 0.890131445033096, 0.14294609264997782, -0.6832668296975807]
