0.999995448245137 [99.97602360679144, 0.33506435847142285, 0.2555506913416551, 0.226330412084785, -0.7805589503454261]
0.9999549473030989 [100.12018695866307, 0.3261510942849942, 0.22819914631420368, 0.20537549500140484, -0.8048357522727987]
0.9999338715511831 [99.49570354458706, 0.33063397458851107, 0.16728827232923665, 0.2071369836512368, -0.8065712082698031]
0.9998497100288413 [99.83516566590654, 0.34583825764131493, 0.2890522515940336, 0.2510877044171968, -0.7518352599475906]
0.9998497089007659 [99.82851059227126, 0.34589885022263184, 0.2884109032799862, 0.25128714581635647, -0.7518564329062681]
0.9997888685056232 [99.66802672376667, 0.33122324942291326, 0.20032925722887268, 0.16322851429270877, -0.8102946151416196]
0.999753735053637 [97.91278493923856, 0.3543419100084407, 0.07334332456706405, 0.23266028335762845, -0.7775502224256206]
0.9996955515201638 [99.77105654348628, 0.3513894156582052, 0.3058268956021807, 0.26309377746212703, -0.7375961672512469]
0.9995576454843361 [102.28229490071118, 0.32859587551366426, 0.5287792244132571, 0.2393850622503923, -0.7396254016575261]
0.9994184856416671 [101.88974644553474, 0.32690918106189326, 0.47853052044352745, 0.14618852665757914, -0.7739982386364521]
