0.9999975148750491 [100.01766164127713, 0.33128687784954824, 0.24206396556699034, 0.10731973055845911, -0.7907353201203371]
0.9999927014053416 [100.28296642512862, 0.33318706774339035, 0.2864004755474193, 0.11580551999298858, -0.7787710761617179]
0.9999897706283265 [99.96992373485378, 0.33741831387703203, 0.2659483076600625, 0.11877682759316102, -0.7747600487107573]
0.9999785411667678 [99.66184416136127, 0.33153557187343646, 0.19461255186193854, 0.11242289796214713, -0.7971597129491717]
0.9999774802963979 [100.05335310934603, 0.3272218531590547, 0.22578465728770564, 0.10004172604188029, -0.8014425686093511]
0.999819912362712 [101.4342570465422, 0.3332482847166362, 0.4354182177903063, 0.12725888881599384, -0.7506254198438054]
0.9998172684987775 [100.18129561725, 0.3285675270208649, 0.2526779919305979, 0.04620440195687425, -0.8000883939887744]
0.9997958557997058 [98.27902837472662, 0.3557076062982494, 0.1318925463576724, 0.11128957752245117, -0.7689425147360254]
0.9996289271710854 [100.09324416868333, 0.3564773019616695, 0.36473584476227117, 0.15490446359363003, -0.7213737936733495]
0.9994570654138146 [102.02336780509296, 0.34062601612928306, 0.5396972905664479, 0.1497043593040592, -0.713457487103808]
