0.9999865788088245 [100.02812483497516, 0.3328456465991526, 0.2508298873387823, 0.3330111125625147, -0.7851953256640511]
0.9999865787469944 [100.02740907296699, 0.3328462238698274, 0.2507698150330025, 0.3329878257695078, -0.7852232808941462]
0.9999805106258783 [99.9906488084238, 0.3344005736696894, 0.2542996601669397, 0.33708816993597607, -0.7809611588273191]
0.9999668828273865 [99.9555003333336, 0.3360252174225837, 0.25829365830266615, 0.3409961474602375, -0.7766212950710258]
0.9999167968867155 [99.88394329129572, 0.339175959485079, 0.26536967385285437, 0.34908510940507476, -0.7680635930380136]
0.9999161727580197 [99.7699694982155, 0.34006295444858425, 0.2540448955526556, 0.35016996505127457, -0.7682082318528106]
0.9997842105131984 [99.79072345934648, 0.34406089993851063, 0.2779030460588452, 0.36081905380658874, -0.7551595113325633]
0.9997471157535787 [99.16410750950095, 0.33063968047854425, 0.11777610450385112, 0.3069238747437346, -0.8176232964987473]
0.9991927717908323 [96.2491285921115, 0.36397658953159506, -0.11788771255528685, 0.38194637277801563, -0.7795470957907541]
0.998865072947007 [96.76456645736077, 0.3802881963202719, 0.026912643908243203, 0.42625265316338584, -0.7233407524934228]
