0.999995911188363 [99.96402045340324, 0.3318647905492933, 0.4877540465587, 0.2199682015515989, -0.7905351765307955]
0.9999888090019813 [100.05488318636637, 0.329890974951642, 0.4912807371107477, 0.21323980207526025, -0.7952408637324723]
0.9999875310562218 [99.9942919647342, 0.3363799200450803, 0.5132666211305974, 0.23001171984090696, -0.77541224651352]
0.9999875301558057 [99.99584557576965, 0.3363962314454513, 0.513607938747286, 0.229809116364999, -0.7754663907763986]
0.9999332728365321 [100.02490235687466, 0.3255384574160505, 0.4655340108244017, 0.20184375524629655, -0.8104614657315088]
0.9998708734792497 [100.11436868944045, 0.3219440687542094, 0.46003075623345696, 0.1928260998927077, -0.8207268117930564]
0.9992885398218218 [99.98653702699856, 0.3595422805841318, 0.6037685377429007, 0.2845140410257957, -0.7051702540454171]
0.9992801904036117 [98.58357331286832, 0.36913541777327796, 0.4531810808329264, 0.3014007401477497, -0.7125957786917878]
0.9986785144836202 [96.29850549874644, 0.3621228031136436, 0.09362148155116531, 0.3185883752932491, -0.7703673493753732]
0.9982846500981933 [98.98140613435298, 0.37800763980585106, 0.5498250955815425, 0.13873015250557497, -0.7174525734746371]
