0.9998976960241464 [100.01540209918058, 0.3298985040772401, 1.01849974948842, 0.4380415102507924, -0.7966080408353315]
0.999894170564121 [99.77307809106362, 0.3317028267599056, 1.047250516701038, 0.44085607995461984, -0.7967722406942261]
0.9998926870182285 [100.12866158672412, 0.3289643599616251, 0.9958267194081523, 0.4374278997726687, -0.798987972955647]
0.9998768140243598 [100.05220878496942, 0.3275933203707596, 1.0239487780870093, 0.43046000277181706, -0.8049023159142583]
0.9998335634528163 [99.02850799580153, 0.33875519066218973, 1.130201769426363, 0.46111975145709194, -0.7879081667468869]
0.9998254761682871 [100.04766077646133, 0.3256157105907197, 0.9657608326346063, 0.42322451297349223, -0.8133358664982644]
0.9998254737203817 [100.06602474831189, 0.32547658954737047, 0.9679279133653775, 0.4229559786444079, -0.8133539467228544]
0.999813875552824 [99.7792477869674, 0.3367744808493056, 1.0237821836068477, 0.4599038889431555, -0.7755261579137382]
0.9996718396761082 [99.64904887921136, 0.34115871992824065, 1.0249677717834853, 0.4724953135642453, -0.7625124440022822]
0.9977076418284533 [99.81287072429444, 0.33434403835933213, 1.0015100913773407, 0.3079012182393078, -0.8323905027129362]
