0.9999982158572075 [99.92849691031718, 0.33441574260533513, 1.0015149395470302, 0.0008931060711112699, -0.7974885187707479]
0.9999958737467146 [99.83346974397611, 0.3352471457540954, 0.9879259048982609, -0.003750410657601861, -0.7975520843522685]
0.999992529130741 [99.71617226910394, 0.33614516944508893, 0.9744700350430141, -0.0022606765933285743, -0.7974257064156578]
0.9999908369668924 [99.9318119231008, 0.3340703098841312, 1.0015940235587537, 0.012693294168051483, -0.7980243422147344]
0.9999872374160673 [99.99450283753525, 0.33173276317601175, 0.9983621189640466, 0.011302257330883317, -0.803411686710224]
0.9999800231477386 [99.49336186233535, 0.3399181901705557, 1.0428059629590218, 0.00037205737220701854, -0.7928785814136725]
0.9999791505515411 [99.9114355767168, 0.33424414255869317, 0.9953840803457664, 0.020226746412411387, -0.7973560261963294]
0.9999782359256124 [100.01418285599743, 0.33006770740700364, 1.0065344791590305, -0.013453416759571946, -0.8080424951732987]
0.9995863968050157 [99.29201847574528, 0.35241523284586007, 0.9660154505507247, 0.0892406303393178, -0.7569877259724852]
0.9989002781445995 [98.85647240949862, 0.3835628700046841, 0.9963971225274445, 0.00042155013244058045, -0.6972726876602201]
