0.9892753481760292 [104.2968223706916, 0.28507607217099734, 0.5572677096338997, 1.262031886051218, -0.9173934057735951]
0.989119999549298 [102.66234875370085, 0.2959473192909957, 0.3766203125270674, 1.2407921553146215, -0.9169400673672684]
0.9889924801477364 [106.41392407796424, 0.27706547139745563, 0.8593355076830946, 0.7272657299243311, -0.898450771896186]
0.9888059933667784 [101.47107572566964, 0.303032891688499, 0.23566857826560106, 0.7735073941076035, -0.9181761736961369]
0.9885863784636029 [100.9349042378633, 0.3058552288005807, 0.16854693893155098, 1.220988994979134, -0.9212494689205579]
0.9879065400354211 [99.53923248035579, 0.3163765641403993, 0.01841880389594327, 0.8032478362936146, -0.917157431549446]
0.985280250814865 [96.65656787685799, 0.3665946143535206, -0.09091328486710809, 1.0014990182826788, -0.8543328144328808]
0.9849633618718798 [96.66617151050292, 0.37095443052918053, -0.047422184202403586, 1.0014612273391628, -0.8479599034317599]
0.9831424637579919 [98.5509908719535, 0.3747341219004737, 0.20941594579202594, 1.0135484428713197, -0.7315781855627539]
0.9673638007662667 [102.10702320891745, 0.3071482472473413, 0.2180902500331506, 1.0015034392692628, -0.5768490430286579]
