0.9999851989725316 [100.00740836024632, 0.33192252090646573, 0.9943985922649048, 0.3299343464777954, -0.7897501342759561]
0.9999851764934141 [100.008632335779, 0.33191155256887606, 0.9946327547089924, 0.3297142055736475, -0.7896582842717215]
0.9999740757627994 [99.95806985526933, 0.33461930407776835, 1.0018020956405538, 0.3384622145076107, -0.7807405423690401]
0.9999740374132806 [99.95008152576148, 0.33478554323377874, 0.9975752488989481, 0.3381627071316093, -0.7805516782707709]
0.9999738287773364 [99.95440127878754, 0.3348835625262232, 0.9982388386075627, 0.3380471009919891, -0.780049694565695]
0.9999584500738034 [99.91473617325207, 0.3362320214930138, 0.9984086604007245, 0.3424100679272192, -0.7762284762845919]
0.9998695882355628 [99.74698741343913, 0.3410860909665867, 0.9927797674602235, 0.356259334303897, -0.7627011907177683]
0.9998277539362458 [99.74146416428891, 0.3424107196030688, 1.0029603812870649, 0.3599596184911268, -0.7581743795470601]
0.9996492165936055 [99.4536838999745, 0.3482008550687806, 0.9761147760119513, 0.37677780791246296, -0.7447476650398901]
0.9992973386585782 [97.15058759805933, 0.35138836304931215, 1.3396628310143874, 0.31093239071215406, -0.8148611942969968]
