0.9999999856889766 [99.99997647163974, 0.33334457843193105, 1.6496430305251398e-05, 0.11113253331662612, -0.7853785076059376]
0.9999976944075133 [99.79291247746833, 0.33465114438996524, -0.020236362153279775, 0.11316185940694462, -0.7861350471470513]
0.9999964274578825 [99.83476554498554, 0.33647987922757994, -0.004716695915781702, 0.11553259462510758, -0.7807313518677852]
0.9999949840849632 [99.75863881477471, 0.33694036160094043, -0.012287963991593277, 0.11666477959151862, -0.7810225028725708]
0.9999913924613493 [100.05738814538097, 0.3344300126982578, 0.012316770373408883, 0.12432120798598834, -0.7798696239714231]
0.9999900550477259 [99.65649498716695, 0.3336735338608229, -0.04326248535789211, 0.10707438797100771, -0.7919702147061798]
0.999967266993455 [100.57638223483328, 0.3336941652517632, 0.07719335674873604, 0.1148397529691543, -0.7723627314137249]
0.9999194328059654 [99.34980989988944, 0.3481485508509634, -0.00747511945393934, 0.1328263132039626, -0.7615950350316973]
0.9998135925546676 [98.76033088763742, 0.3570243283720761, -0.038993779296057456, 0.13902668151329317, -0.7535549362291931]
0.9980679137689992 [97.24117155916723, 0.41211972543419917, -0.00039078118692009196, 0.06376255842138742, -0.6863601590017274]
