0.9994883917651515 [100.43791075264717, 0.3251691302838674, 0.004065462334779924, 0.5392468616676133, -0.7942652662041059]
0.9994880037581647 [100.51396947456153, 0.32459494140538936, 0.011690915284337435, 0.5382853934192191, -0.7943610114664942]
0.9994843821645841 [100.34461347086912, 0.32576576360907883, -0.00610568004134515, 0.5403224624121821, -0.7940249985504436]
0.9994842538627183 [100.30298792773019, 0.32606139321171446, -0.0103130250020667, 0.5408187352819895, -0.7940345165450166]
0.9994838992974953 [100.33448017321494, 0.3269533011372104, 0.001623464438497695, 0.543508768413631, -0.7907105972966758]
0.9994838642346499 [100.32141789279098, 0.32706863475254055, 0.00048027743840306183, 0.5436282839121847, -0.7907272210265313]
0.9994838164980588 [100.2987711489668, 0.3271255946909212, -0.002827803108586884, 0.54391740713878, -0.7904858962109439]
0.9994832607366734 [100.21132617155459, 0.32769765599937284, -0.012632835571518161, 0.5455834572216203, -0.7903453015193216]
0.9994797800041317 [100.6460571220604, 0.32262761039986193, 0.017097767630192964, 0.5337105253006973, -0.7979621083314696]
0.9958444288822824 [98.35041853769033, 0.38180900776291926, -3.2440481731890975e-06, 0.6615032448448311, -0.6797850350726273]
