0.9881766375716623 [99.45466041225527, 0.35375802257276057, 0.996706891542285, 0.9287316863945868, -0.7528190557918824]
0.9881177490406834 [98.80155229699665, 0.3582273511539573, 0.9078017308941946, 1.04786771722785, -0.7392576748149302]
0.9881043465659978 [98.8464643676277, 0.3616129005909729, 1.074500730533222, 0.9670908242006697, -0.7223785871588214]
0.9881013172392276 [99.27570178484793, 0.35883073929324105, 0.9788661155619043, 0.9662583502353975, -0.7142945880247804]
0.9880745256152482 [99.24917656942696, 0.33855316214102465, 0.9109124995745199, 0.850588747368052, -0.8519659467277056]
0.9880214636361748 [98.38203106104507, 0.365368499645033, 1.1334144397264647, 1.0209985633199485, -0.7202844373962057]
0.9879905591387559 [98.97792213069837, 0.3623673394258604, 0.9438320853990938, 0.9810427711190737, -0.7033563763580939]
0.9879041501449769 [98.94038448251919, 0.3616988208751192, 0.9293952909922611, 1.0102453400239824, -0.698636676186798]
0.9868817802410382 [98.63640428940242, 0.3810479781505123, 0.9444409671326135, 0.9878878150864161, -0.6777968198543218]
0.9814551053660913 [101.32536146861258, 0.3237361283887472, 1.0015350187087022, 1.001635985028902, -0.6108988074743027]
