0.9999999845493429 [100.00378332739183, 0.33330285229477646, 0.7504403572105232, 0.11088624095846067, -0.7854011239926393]
0.9999885483972881 [100.08482998410622, 0.329417086540558, 0.7454124284006862, 0.10003182168023145, -0.7958556763372666]
0.99997697619358 [99.95044361937285, 0.3389013995522468, 0.7654889498954421, 0.12377402354740731, -0.76949106271161]
0.999976697706025 [99.96452427950587, 0.338681777436256, 0.7666173198737162, 0.12497798480628304, -0.7696350921824824]
0.9999601414274649 [100.05503184401809, 0.3399510200844758, 0.784020857365356, 0.1254025950726498, -0.7637919827124836]
0.9999266117101024 [100.47593149746848, 0.3276552829667104, 1.205053234859986, 0.07297253022525511, -0.795315333676331]
0.9998781699600222 [100.11137218228208, 0.34488491559051754, 0.809967847321617, 0.13611251854940548, -0.747634393103668]
0.999876956757957 [99.99479277786767, 0.3212085958402504, 0.6947366939984252, 0.08874888494067153, -0.8231210054849252]
0.9991716269547486 [100.93619707662475, 0.35968896431281905, 1.0311475195893558, 0.10158652350802196, -0.6946391420098941]
0.9990087428403125 [100.84549437123013, 0.36527848700371734, 0.9696696389132167, 0.11013538089855439, -0.6819581303505993]
