0.9894889777285345 [103.35944186757396, 0.29341386998781016, 0.7551573860921186, 1.2441900269474275, -0.9137342307026859]
0.989483961502543 [103.5813334441113, 0.2922772768578734, 0.7837266280697692, 0.7529915970723292, -0.9147926201485959]
0.9894412470870525 [103.2561467225171, 0.2917333444678195, 0.7202646417694083, 1.25075425441204, -0.9237223313442543]
0.9881624672858044 [99.14578002583441, 0.3183292094456243, 0.23503347537226102, 0.8052758459956533, -0.9250954690482832]
0.9851592214650322 [98.35019258794709, 0.3662578095056309, 0.3830222500987048, 0.9382972665254311, -0.7913422447263632]
0.9848425220640701 [101.15051557582183, 0.3594302284627263, 0.7554430048058669, 1.0426660313936327, -0.6899155439085906]
0.9847686238258002 [100.48492230722042, 0.36574196290702105, 0.6741386302651522, 1.012193562756019, -0.6726367931577353]
0.9847495951800022 [100.04920319599469, 0.36924940084616276, 0.623676060662909, 1.0020275861916776, -0.6709596424033754]
0.9847492547143454 [98.16837318205418, 0.3710577196164748, 0.38590660570235175, 0.9752027546427904, -0.7416039204952771]
0.9843892340481661 [97.11992575129321, 0.3784158874364054, 0.25660860364977583, 0.9933775249745178, -0.7489018287912454]
