0.9981656173040333 [101.28478651505577, 0.31480061734764864, 0.5619593366499236, 0.6270182703558662, -0.822737710114878]
0.99816164695424 [101.31439990859869, 0.3137596265230551, 0.5594747048017444, 0.6232454441876163, -0.8264668778477413]
0.9981616062296834 [101.31747699895996, 0.31368506714896416, 0.5594442468361334, 0.6234073917191452, -0.826541718906074]
0.9981608066656402 [101.4321055890295, 0.31292033822669457, 0.572031204451808, 0.6220243338446863, -0.8261292726489762]
0.9981585885529768 [101.21844227531915, 0.31603365079583534, 0.5589413855187038, 0.6318707860390567, -0.8184346739673465]
0.9979251933731418 [99.10076356021492, 0.33019727019300704, 0.3166587385260362, 0.6539329888511723, -0.8242927775447474]
0.9977851864066812 [98.5146186633684, 0.335012607202718, 0.25859260809339624, 0.6606576114689278, -0.8254778078189933]
0.9966633685901242 [95.6210352854868, 0.3681756856984695, -4.5438040545720584e-05, 0.7336059773515631, -0.7984234229386815]
0.9965028438488635 [95.67013237249739, 0.36903935852872305, -3.646815401718081e-05, 0.7543891037980273, -0.7799147327825122]
0.9964568184708191 [95.54989515198054, 0.3710561952021675, -0.010448385614217817, 0.7532348375116258, -0.7812022123218205]
