0.9788800494804618 [99.04117919586571, 0.3562081940112783, 0.9735861982971581, 0.9982291088560418, -0.7976664466769738]
0.9788080076684952 [98.90621642922903, 0.3572176221961087, 1.028864624725316, 0.9927842558208491, -0.8023468010518476]
0.9781599888946767 [99.21276579681403, 0.3504658324513251, 1.0036117039889494, 0.962807844051236, -0.8309035490566159]
0.9780625830496571 [97.75616243307311, 0.36323877367901114, 0.8067558462283821, 1.004685176720125, -0.8313565652586633]
0.9776730467776439 [97.65396454011048, 0.36163195422918176, 0.804737867930061, 1.0229521795493035, -0.8423145873517697]
0.977611187725848 [99.28832711760985, 0.34628981802798087, 0.9947155206095173, 0.9385557329924434, -0.8593201929377525]
0.9773276152819523 [99.36007413807579, 0.34266903765884865, 0.9983455613750395, 0.9232456734875523, -0.8763549937114368]
0.9772378740832447 [99.41753016738843, 0.3417142017287785, 0.9982716816864949, 1.0819913909964498, -0.8833654703609224]
0.9771128592740299 [99.47257354751059, 0.3396924493218785, 0.9984957889407763, 1.0902210134611359, -0.8923599660842303]
0.9761561405290279 [100.36225609394818, 0.29621683821070677, 1.1683486277233066, 0.7992913248627183, -1.0437320195252144]
