0.9999928818041887 [100.04118759816629, 0.33171156297310234, 0.7518481434057941, -0.010555808145091973, -0.7985315429217799]
0.999990132768284 [100.09412533163777, 0.3371800074191218, 0.7820104505886576, 0.0027529145835514263, -0.7818848214788559]
0.9999879864055438 [100.09121944559766, 0.33725789620758506, 0.7818147585831815, -0.004301526503970688, -0.7818211090054126]
0.9999705315204279 [100.32300875183304, 0.3371562920977366, 0.813736491254822, 0.014756952544327715, -0.7760538828328879]
0.9999604613879214 [100.04834830280134, 0.32742661323084515, 0.734821730212581, 0.011603126472542465, -0.8100080982577129]
0.9999592544916505 [100.13931664483991, 0.33831907931445604, 0.7935209726327992, 0.025169953506368144, -0.7769907468144011]
0.9998688714262823 [100.2189338734072, 0.346477729729871, 1.166194935492856, 0.006254529565525068, -0.7538550021842731]
0.9998672151673493 [100.21119584519516, 0.34660209547211873, 0.8331156987534403, 0.003214155400070093, -0.753864532298032]
0.9998549616480131 [100.0477348743978, 0.31991711257747235, 0.6997357741061603, 0.0009223698428908512, -0.8323528215713344]
0.9996027870350035 [100.39716259121606, 0.35575283589436646, 0.888166546416685, 0.004657893221368413, -0.7256870242988296]
