0.9999859364378683 [99.94462039374133, 0.33344487450664423, -0.007890669437436913, 0.33392903500800486, -0.7851099795011036]
0.999985933186978 [99.94676096690802, 0.3334278144998803, -0.00769379526842027, 0.3339343777922339, -0.785119837723568]
0.9999843238942735 [100.11755142242549, 0.3308645354921769, 0.0006160849117683562, 0.3288557751839186, -0.7891900358005313]
0.9999832327869853 [99.89837889742257, 0.33236668516101064, -0.021293004148909507, 0.3310045014595079, -0.7893332703549618]
0.9999824540472391 [100.21348251637491, 0.331592375780006, 0.01883825482507464, 0.3313824308949349, -0.7848641273973163]
0.9999750906114975 [99.55836708462122, 0.3375699347029252, -0.03706385999133366, 0.34112813896643424, -0.781435242180399]
0.9999652565860139 [100.51369670490848, 0.32684563307427705, 0.03171889529801683, 0.32127960331985894, -0.7928955295503648]
0.9998838685007858 [100.81534247756372, 0.32074174922509846, 0.034659691080214036, 0.3090253781111738, -0.8048982189850138]
0.999869108078023 [99.71749769178095, 0.34227086142267354, 0.01346609847929317, 0.35330959797536976, -0.7646875961903477]
0.9998512729004643 [100.50380695261344, 0.32146190375627265, -0.005350452596033452, 0.3080302630938724, -0.8096021517387577]
