0.9999999698327082 [99.98647941527938, 0.33341923354994685, 1.001590811843218, 0.11111169979654348, -0.7854276092240302]
0.999987399368625 [99.8537066843098, 0.33795327551203, 1.0040078480743775, 0.11877147052737039, -0.7747861635107375]
0.9999580168170107 [99.92756193955879, 0.3270940489007002, 0.9645715181677332, 0.09989863894583971, -0.8068237857071685]
0.9999506772626485 [99.76170385671915, 0.34219259580915307, 1.002885507827894, 0.12699563920377926, -0.7631135222809662]
0.9998839903590201 [99.51889755219634, 0.34753235670015, 0.982436725245202, 0.13607300741642964, -0.7545267847676733]
0.9997544388285597 [99.08678886542799, 0.3429852913830861, 1.0957025649495469, 0.04974341503473716, -0.7867322170989384]
0.9997196856776229 [98.18176975271975, 0.3452163789012094, 1.212092904578201, 0.06947053222776572, -0.8018346672693273]
0.9995985206089536 [99.07400621916895, 0.360255274234195, 1.0411936180249808, 0.16511069899407338, -0.7274696738077495]
0.9993678194494071 [99.18381330798604, 0.3676455466374354, 1.0015223852396153, 0.13916526211521058, -0.7115414079394251]
0.9990869163973718 [99.86015067592488, 0.34141520893450916, 0.9971434252210969, -0.027192647285093578, -0.7693524119003727]
