0.9978473183192792 [101.11160637382238, 0.31504135274116896, 0.0251134394330643, 0.6218257724087681, -0.8153995650267327]
0.9978392657521021 [100.96762634476524, 0.31609118369280076, 0.009295158881911725, 0.6242756926427314, -0.8143449013370312]
0.997835586511654 [100.9023179066578, 0.3165406517112288, 0.0030370909756070015, 0.6249990841809248, -0.8148343867229768]
0.9978353502035557 [100.900800885499, 0.31653380415437843, 0.002623114047914434, 0.6250820239587411, -0.8147533038125678]
0.997830047690397 [100.98261365215743, 0.31500906217518776, 0.0027874086835194675, 0.6211708729257215, -0.8182871473909736]
0.9978164682324693 [100.79952127923065, 0.3170656874675168, -0.008963696239862571, 0.6260286758263389, -0.8147580018250501]
0.9978105420270111 [101.03859862364479, 0.31370590000820253, 0.000646634720137466, 0.6174592609238874, -0.8217299129280728]
0.9978081784822195 [100.67061860222964, 0.3183200207956517, -0.020928759744062823, 0.6280362952539797, -0.8139637910105559]
0.9978008242240572 [100.53863474074728, 0.3200738632533984, -0.027213461360956412, 0.6327824740374275, -0.8105155334139154]
0.997790530632031 [100.41390375166074, 0.3209692777860841, -0.039372307232412515, 0.6342188392734964, -0.8105883766114267]
