0.9999859712435417 [100.07116643565982, 0.3325379126035968, 0.7565051142220289, 0.3323114615268927, -0.7853368505981362]
0.9999793486801081 [100.06201725966719, 0.3338568041021608, 1.2389116740492512, 0.33615697056660204, -0.7806692670487558]
0.999966166114469 [100.0509553773056, 0.33509863071057167, 1.2349641746176503, 0.34039173704588827, -0.7761734690735058]
0.9999099468551768 [101.09974899161148, 0.3276584897109349, 1.1129354141790533, 0.32585288480557995, -0.7760760724446598]
0.9997955791410187 [99.7051295345637, 0.3440256571527761, 0.7530325726793314, 0.3642352286198866, -0.7534805631161972]
0.9997279804616889 [97.91912249533618, 0.34976611702196153, 0.5208920544965452, 0.3669142092083108, -0.781512927007596]
0.9997046101710031 [100.23005215209326, 0.31955397084561055, 0.7169099022800772, 0.2916354357519878, -0.8312103462780754]
0.9996078743232581 [102.36560474559477, 0.3103671679218776, 1.0015014617267588, 0.2787186238651333, -0.8140690180602733]
0.9993165606721812 [101.45416434255108, 0.3386487052215197, 1.0186268633107018, 0.36546550158268004, -0.7240449890560666]
0.999313132238579 [101.49343395150362, 0.3384363345984877, 1.0139509543500984, 0.3647922755346527, -0.7244041591817787]
