0.9956526613427413 [100.60546109802672, 0.3192193923149995, 0.998444628200105, 0.7253905207145506, -0.8590739371560824]
0.9956478443598847 [100.7210456846155, 0.31625610229150936, 0.9984792092498622, 0.723680657345663, -0.8631921513423135]
0.9956465069904501 [100.67269355758086, 0.3178843983053429, 0.9983437435540568, 1.2784168183273235, -0.8600048125154833]
0.9956417850589154 [100.57664722888686, 0.3204497941820765, 0.9983570476281485, 1.2708417300563895, -0.8519389768633367]
0.9956383651352173 [100.63435842725634, 0.3185138670328246, 1.0017088213720227, 0.720329314169277, -0.8600478671018961]
0.9956312289674503 [100.78754882967675, 0.31472657362464407, 1.0017160227583513, 0.7165899020807897, -0.8703992873704492]
0.9956265706281895 [100.49429940259505, 0.3214593417110037, 0.9924571967555751, 0.7334099879738183, -0.8495542146010496]
0.9954947570563453 [100.04504120579189, 0.32604541421910804, 1.05390328235345, 1.2528991209067155, -0.8431865993434798]
0.9950761633337042 [98.98716737137528, 0.32950390177146904, 1.22099381574429, 0.7535864672672064, -0.8532287279862723]
0.9949930136822724 [98.58336570185298, 0.33751853120661185, 0.7730831488944236, 0.7645295322177601, -0.8438362186360124]
