0.9770145729560307 [101.96599492543368, 0.2958149135940631, 0.8551208499203905, 1.1888176404927313, -0.9953024987079389]
0.9770114995822309 [101.85821752013922, 0.2948654548474743, 0.8260171487000432, 0.8078598072086671, -1.0017656578626295]
0.9769711407504234 [101.42388100735377, 0.29682340307920685, 0.7658331746379747, 0.8111867898052456, -1.0055957945572604]
0.9769357140311438 [102.74741013827199, 0.29375244350434415, 1.023928501043923, 1.1951361057096381, -0.9904647759035399]
0.9761795162614627 [100.78215916597927, 0.3542090979833078, 1.0058104162308874, 1.0019359222364286, -0.7582855245219975]
0.9761045401086795 [100.00266003467922, 0.3561012708359736, 1.111819527862004, 0.9984428260586911, -0.7782733031481113]
0.975794365490257 [99.3178449597971, 0.3587563411953703, 0.7981775564499982, 0.9946902405454696, -0.7991184269277987]
0.9753291098400272 [100.21055057913954, 0.34752372487582583, 0.9034622001818229, 0.9496306608725592, -0.8285147562345536]
0.9743879099935293 [97.41442020202729, 0.36364909952326097, 0.5371583846679427, 0.9919915520972734, -0.8438769691981574]
0.9624231778614255 [102.82217850546597, 0.30865384014445085, 1.0522346418811455, 1.0015040775983146, -0.6346858122751649]
