0.9955552222373629 [102.47367551957514, 0.3034102820383773, 0.6652661356795816, 1.299667625459111, -0.8588693801273835]
0.9955525799577649 [102.50112817440416, 0.3041497576684787, 0.6759374141520675, 0.7027061909948226, -0.8554736420516726]
0.9955479047572076 [102.4217736028771, 0.3029775540402927, 0.6526394264828537, 1.301927120860472, -0.8624001319438988]
0.9955303036885393 [102.45111409169886, 0.3019335712999934, 0.6495436350032411, 1.3057062275370555, -0.8660679259841868]
0.9955301279459209 [102.36816226645459, 0.3025145827204634, 0.6395603424403994, 1.3044146986078842, -0.8654787999030944]
0.9955300707425109 [102.43114864373287, 0.3020699004036053, 0.6474799344326041, 1.3052968321156153, -0.8657772456328597]
0.9955005199186545 [102.50909670863426, 0.3010112162857108, 0.6505816651977523, 1.3095129383778596, -0.8691357416263803]
0.9946031156524782 [98.2912690495454, 0.33507170998841396, 0.22084229073896117, 1.2379557787897792, -0.8573109411692608]
0.993520188681179 [96.35560541063886, 0.3522763480435118, -7.626441626609955e-05, 1.1900226738143367, -0.8439600637022897]
0.9932857039429543 [96.27066500136533, 0.3515310851667319, -0.028069225272679407, 1.1818301157537465, -0.8370686633732781]
