0.9979327852781428 [101.63614117995192, 0.3117767643489582, 0.34043730136364403, 0.6183311040763737, -0.8196283038330584]
0.9979296969216669 [101.69496414144388, 0.3104067373908984, 0.3392180889674654, 0.6145328614329568, -0.8231718978469797]
0.9979271362387888 [101.40250730656578, 0.31259694080562317, 0.3084408469467377, 0.6181275600541545, -0.8227106702354847]
0.9978927102513229 [100.72873194340062, 0.31724005081275486, 0.23563212895544094, 0.6272658918037939, -0.8226603759567533]
0.9978734821624139 [100.50760147074662, 0.3190163649488209, 0.21220500005819895, 0.6307325793511978, -0.8219943592575492]
0.9978589527595197 [100.36241193499623, 0.32028532904645285, 0.1977627169369897, 0.6326796988445893, -0.8213414164922672]
0.9978242406191489 [100.03468235110367, 0.323720734444139, 0.17026120004684986, 0.6409096288836841, -0.817345547885898]
0.997693091352995 [99.33858212640766, 0.32802038046987697, 0.08914662797757933, 0.6484556282145264, -0.8194028155495892]
0.9974787817061697 [98.34296112799241, 0.3374579443464527, -0.0001445227909505349, 0.6702827988537932, -0.8118667665351549]
0.9968799593743173 [96.77284599904993, 0.35382562505736925, -0.14523933958682486, 0.7083014660519132, -0.796627073321614]
