0.9986209903689204 [100.53314918984722, 0.3218723051771839, 0.998457427770713, 0.6452410719346731, -0.8229134803551438]
0.9986208867170684 [100.53297195872665, 0.32191468069807505, 0.998476355777054, 0.6453525016999523, -0.8228738826256782]
0.9986162412983584 [100.55628937116359, 0.32093053081498957, 1.0015565610765886, 0.6449950987442408, -0.8242060478941116]
0.998614888077466 [100.50991026967397, 0.32274520036278087, 1.0032360099454831, 0.6461117196960238, -0.8218761433829296]
0.9986068502713302 [100.63083445766222, 0.3192821529037485, 0.9982893330499611, 0.6380297227323063, -0.8303778414334179]
0.9986036461666199 [100.54850997137734, 0.3199934912695717, 1.009541523526455, 0.6383609186466961, -0.8312220814402935]
0.9985857562339883 [100.67631471346243, 0.31803199254897524, 0.9984330790884361, 0.6349896830542913, -0.8355330421098999]
0.9985851632025889 [100.54932412640449, 0.32275765968439296, 0.9984975373134565, 0.6501864859756983, -0.8126255177795245]
0.998501727256097 [99.57107688260146, 0.3288085496563774, 1.119596403096815, 0.6595343275748742, -0.8226245678042134]
0.9983333784178909 [98.83066371262649, 0.33571390707835447, 0.7967744217766342, 0.674265133347296, -0.8156403840995796]
