0.9527467036239758 [93.27907935506136, 0.1415842044588665, -0.052378873657563135, 0.10504866034005035, -0.6658348489501005]
0.9527074251141626 [93.23916491711796, 0.14198694373000248, -0.038416882690143164, 0.10811955626087676, -0.6595825519912486]
0.9527053440276293 [93.49377153367355, 0.14098209567879438, -0.007223418410160219, 0.10450433958414088, -0.6663326292214262]
0.9527044781363044 [93.49819318933135, 0.1409685435261511, -0.00635621005116988, 0.10450425974097519, -0.6663516743084112]
0.9527035370193493 [93.50251708981956, 0.14095740807021034, -0.005407683125102062, 0.10448315093820175, -0.6663392073799084]
0.952699537999676 [93.52168170645882, 0.1409026922365669, -0.0014334897441890646, 0.10442619990300507, -0.666397127687674]
0.9526951181080916 [93.55776263726656, 0.1408045208742646, 0.0063409188518958205, 0.10437615534625314, -0.666457219111604]
0.9526925593862168 [93.4772829216535, 0.14117105984673156, 0.000528097790541377, 0.10600857099314837, -0.6632448795075614]
0.9526816314102089 [93.61630130890312, 0.14064187342815612, 0.018816818568345266, 0.10418041456924246, -0.6666131466379968]
0.9526717368468243 [93.69605677856569, 0.14027589795354634, 0.024155268970425782, 0.10261302289773938, -0.6697735926729318]
0.952660904940735 [93.61012376142284, 0.14080343984034663, 0.028719778112524838, 0.10567676405498669, -0.6634931358370273]
0.952659995850909 [93.61232676593929, 0.1408008284382396, 0.029489847993006347, 0.10562762593518205, -0.6635221782678447]
0.9526501257404667 [93.74528758279249, 0.14028615442262568, 0.046207565493546765, 0.10381873653337985, -0.666795080512327]
0.9523702877410117 [93.94764960732664, 0.13872807436791718, 0.007563602711722165, 0.0938933460014398, -0.6882722189250543]
