0.9572471839206039 [91.45121815423518, 0.14565127046736845, 0.11379191546142237, 0.10832473845377401, -0.6475227430126903]
0.9572471547826906 [91.45345367623268, 0.14563898251762747, 0.11417525435756412, 0.10827694469376091, -0.647618066395047]
0.9572366256998357 [91.59759313872914, 0.1450739898422847, 1.8657853384230796, 0.10622774700039614, -0.6508080250163802]
0.9572095615304482 [91.73208055466773, 0.14457117271129877, 0.1542363695201609, 0.10403736430984067, -0.6542912242506131]
0.9572095560523559 [91.72905883418207, 0.1445759596408271, 0.15324890036115582, 0.10414019973946331, -0.6542622037187412]
0.9572095369991724 [91.74045217231384, 0.1445466989164012, 0.15611439410954736, 0.10396276641301658, -0.654305066191333]
0.957209501842214 [91.7310448964904, 0.1445749697072963, 0.15382334921040813, 0.10422626610611169, -0.654292437698783]
0.9571652558171856 [91.86553913280682, 0.144052098575716, 0.17286521023433676, 0.10197490443911046, -0.657618169900811]
0.9570357765054889 [92.87486139397274, 0.14152392380824605, 0.4219969528383579, 0.10033809083631592, -0.6541221867859882]
0.957022612820446 [92.92146675819097, 0.1413994482589861, 0.4316404605551112, 0.10184210247531511, -0.6554406121019261]
0.9568859663549485 [93.32584662975157, 0.14019449321949956, 0.5147801004513503, 0.09780664700495992, -0.6581718560820193]
0.9568366883853556 [93.44734788502495, 0.13985365780582254, 0.541463896273875, 0.09765741002802986, -0.6581850256623569]
0.9565532177563978 [93.90865335202713, 0.1388475390068945, 0.6620716439824187, 0.09965267172441068, -0.6566123010908276]
0.9564241283759745 [93.97600332036811, 0.13776120865041636, 0.6065735762097011, 0.08966820596060904, -0.6744701778340592]
