0.915084831346228 [87.12152417838657, 0.16788208534094196, -1.0105414883042647, 0.6159836704330626, -0.36217360100108764]
0.9075829112359578 [96.1310804988596, 0.14245600975693923, 1.0015802849238842, 0.5503226673580062, -0.330354493742649]
0.9075825057802748 [96.14123084418705, 0.14238435530917015, 0.9983856434634777, 0.5505503087331911, -0.33171421393297984]
0.9075671459734502 [96.09098113809559, 0.14259002449882224, 0.9984333995430233, 0.5488650016335422, -0.3326961444933009]
0.9075517705829995 [96.2625920527537, 0.14169550380056584, 0.9982748080597431, 0.5491878633656064, -0.3312158641483709]
0.9075479548635255 [96.22444311105109, 0.14187308848989122, 0.9976257661694314, 0.5481825781153542, -0.3309222134336272]
0.9075410197185331 [96.30243510083932, 0.14155228183206214, 1.0015348709293148, 0.550603556553789, -0.33255090059281595]
0.907376204598297 [95.78836547689548, 0.14348972955920974, 1.0717471369279215, 0.5522123404301633, -0.333009154981719]
0.9072288283620575 [95.5112560183113, 0.14411373028420527, 0.8620960530904469, 0.5534862772977462, -0.3315504648312749]
0.9071752925893869 [95.33602812746258, 0.1447827826633257, 0.8338516946357295, 0.5541073421036596, -0.33041670172607274]
0.9071594522767472 [95.43372942164282, 0.14408979282616924, 1.1774342536719655, 0.5540314094294048, -0.3359239871543761]
0.9071527244852452 [95.27822824705319, 0.1448991759953921, 1.1842704816066056, 0.5555788075393783, -0.33458288067471387]
0.907151890609768 [95.77562534071052, 0.14479072248550812, 0.9983633052564929, 0.5559067225065368, -0.343563742570662]
0.9070781076402558 [94.90380122229902, 0.14564460632673148, 0.7146662693967787, 0.556360787149737, -0.335544922591265]
