0.9179648657091145 [91.5189394203649, 0.1665465524407505, 0.2779578595146751, 0.8971088618847003, -0.2966261481515304]
0.9179125589055407 [92.30723832531164, 0.1635389767237262, 0.41498503588641167, 0.8879497099864246, -0.30154556226118945]
0.9178540245256449 [92.33957836605344, 0.16405330095147913, 0.45466631752166153, 0.8889143825996789, -0.30316196490050834]
0.9178159754259759 [92.65699490457374, 0.16244505594235598, 0.4851485777720088, 0.8843233143200799, -0.30471889455558776]
0.9178022693204182 [91.99041889924024, 0.16625147369154536, 0.43817919025351926, 0.8941196005914183, -0.3080528950997646]
0.9177886175586917 [92.46417764607402, 0.16410252943179254, 0.5046652889318131, 0.8883326955167978, -0.3011609133833839]
0.9177091211001372 [92.75909558081347, 0.16313881830479857, 0.5619982156298327, 0.8853111070284964, -0.3012462373900592]
0.9177029397935171 [92.70854794307141, 0.16360813069963132, 0.5705995238598958, 0.8868024036394904, -0.2977153982396709]
0.9176647518190189 [92.98923439269436, 0.16154875407839459, 0.5625284265528989, 0.8825458784131315, -0.30779629811959863]
0.9175586415778693 [92.69460958147789, 0.16493790400322428, 0.6396820450049174, 0.8910370562299615, -0.2990698086747869]
0.9173905562790571 [93.43974157399039, 0.1621500479061029, 0.7750156405000723, 0.8822048788465141, -0.2965890387911925]
0.9172268356459607 [93.5651439399671, 0.1633793041902536, 1.1066316316844267, 0.8877642457922975, -0.2861048226568439]
0.9172193638599557 [90.4817834335932, 0.1572462524253483, -0.6695118056809741, 0.8852770005683775, -0.32858404592717394]
0.9170715077407646 [94.18036062783146, 0.15599283903664954, 0.692196759251629, 0.8702089436222109, -0.31500742544907573]
