0.8283706518350495 [93.9979621693318, 0.13027590738134398, 0.42517280528160806, 1.0015009201692955, 0.09920166824732336]
0.8234921106394106 [94.46631826756096, 0.13274122516586695, 1.0391276615682368, 0.9984892295667673, 0.13066881933113045]
0.8228998581344529 [94.58144524308312, 0.1327776998757675, 0.9983099895894343, 0.9984895976568068, 0.12058492827293768]
0.749935486259851 [103.43255440657762, 0.10798248162197434, 0.9698327251297618, 0.9984989157765638, -0.12320495330597944]
0.7469297577653453 [103.22483424944309, 0.10770102825014224, 1.172282695278504, 1.0015006884264022, -0.14650800521082197]
0.745403896953976 [103.14524561411756, 0.10740559290774293, 0.7490440988155432, 0.9984992795585592, -0.13068380043080044]
0.744497726124234 [103.01467704443249, 0.1075709003691866, 0.7094734788506245, 0.9984995994442922, -0.1291850842307709]
0.7437909418032838 [103.14300538040075, 0.1069826020406222, 1.2931909546370521, 0.9984999145722613, -0.15548405990754144]
0.7415706683639481 [102.45522349546738, 0.10847043888368402, 0.5947390256141362, 0.998499501978006, -0.13487255824299943]
0.7370593676309961 [102.52563332386273, 0.10730876392198205, 1.5272056727499783, 0.9984997772169613, -0.16771838759650248]
0.6921708618821563 [86.38007620991385, 0.2877119272438291, 0.5155960514091059, 0.9984978177533452, -0.4274799262418453]
0.684319684797784 [84.48949292819341, 0.25603322713795473, -0.5318989035433461, 1.0015356316774433, -0.544984348587511]
0.6566218553699859 [102.61045892374297, 0.10725180902912776, 0.5741769071465481, 1.0082638949486666, -0.4297542294203808]
0.6186025113965643 [104.81067221659497, 0.09944537470975975, 0.7297336152213658, 1.001500057111988, -0.5570032535787004]
