0.9805275948262163 [96.39598909801644, 0.12220061589518572, 1.619582982125205, -0.16204096361005954, -0.6738620893569343]
0.9805266090135613 [96.19165430295637, 0.12277840999766268, 0.3455174355474915, -0.16327598334492616, -0.6709898869027543]
0.9801582899473547 [93.22895307626152, 0.1301844805284328, -0.30186332177208797, -0.1587039459119064, -0.6600098505536631]
0.9777151131777673 [90.20508873542423, 0.1383051445475299, -0.948715627309471, -0.11988045954278093, -0.6604536806521984]
0.9698820296242131 [99.82667231178925, 0.11308096798118686, 0.998498791571973, -0.01981416000087726, -0.7314039955993582]
0.969715608904028 [99.79941002548168, 0.11316995736442373, 0.9984995495123969, -0.018471654258385636, -0.7279479496143335]
0.967821674264907 [100.04523825456923, 0.11219605888873807, 0.9984969104779644, -0.0032568031233604407, -0.7351585058349019]
0.967770760117667 [99.9247681067709, 0.11272350361284647, 0.9984479612114103, -0.0023086938322126726, -0.7357596961347245]
0.9675898386907363 [99.87909205124816, 0.1129002713108582, 0.9984977576678027, -0.0007827787889058736, -0.7329412774308546]
0.9675472392198798 [99.87726488874641, 0.11290714889602718, 0.9984986121661485, -0.00043157143882251246, -0.7332363766575927]
0.9674825151959083 [99.81048700204951, 0.11315882212256348, 0.9984985131212845, 5.5627292447534615e-05, -0.72719742876309]
0.9673575614865066 [99.87768601774565, 0.11290610527512723, 1.0015030346416582, 0.0010949780219816417, -0.7340490382368439]
0.966942621209417 [99.88947550120187, 0.1128699781733774, 0.998497362518382, 0.004457508421949485, -0.7339694393286995]
0.9667989062761377 [99.89129755070718, 0.11287257254350977, 1.001500220141367, 0.005614217111742306, -0.7335000601398487]
