0.9543729959920848 [92.14839663093463, 0.14444146742233277, -0.09738296890486096, 0.1067435480351453, -0.6588519788903084]
0.9543729939746333 [92.15336691138693, 0.14442732397885089, -0.09641910256015213, 0.10670174515914718, -0.6588517185248244]
0.9543729898559221 [92.1398528447516, 0.14447254477783483, -0.09880723837740096, 0.10665201081716578, -0.6589007641841957]
0.9543729889890236 [92.14140971248557, 0.14447040022601104, -0.09844018876143704, 0.1066575365889858, -0.6588318842762152]
0.9543681909236722 [91.87956559270444, 0.14551919580578968, -0.13166030129894946, 0.11066220625601537, -0.6521393533771755]
0.9543214778810578 [92.38609380266846, 0.14347629589371982, -0.06914216850155533, 0.10290558663451904, -0.6654668705595108]
0.9542968432788286 [93.05847495505293, 0.14186945174130577, 0.0982925471215082, 0.10286869199483889, -0.6612596355918117]
0.954235786000629 [93.37570944858012, 0.14096867912372768, 0.1648047394076908, 0.1025589209658326, -0.6617266939356521]
0.954218361130896 [93.44577917680012, 0.14078191567142848, 0.1806476059653223, 0.10220812164694129, -0.6619694005278344]
0.9542137033735621 [93.49528497318752, 0.1404975433817846, 0.17957813978566256, 0.10090349297974369, -0.6651777431998238]
0.9541958160099566 [93.5360808474442, 0.14052821667882084, 0.20000989437586272, 0.10203627874641533, -0.6621972102415425]
0.9541818606436493 [93.61802338680927, 0.14017740215868546, 0.20731387786278144, 0.1003848396722126, -0.6654766411684974]
0.9541615846354166 [93.57268708980166, 0.1405674517596482, 0.21870126353469763, 0.10391011156520466, -0.659523183842192]
0.9540012021288045 [94.1463070454358, 0.13845718799687853, 0.29990522416695564, 0.09615389718879322, -0.6721112566603918]
