0.976641946670176 [96.0755537389349, 0.1229449940205257, -0.5949762956563092, 0.013562258400373756, -0.7401757916644788]
0.9764024890853609 [98.30350066590941, 0.11820948270795437, -0.06266507042296328, -0.018839481756896745, -0.7447507248896547]
0.9763881276276701 [98.31392089707809, 0.11838259132043588, -0.03816982526800465, -0.02483781817938099, -0.7421250171508122]
0.9763786295477652 [98.44227509891684, 0.11792600808972642, -0.029256795363771494, -0.01964685946719493, -0.745001920973924]
0.9763671284783815 [98.50456658424153, 0.1177866449598088, -0.015760043643892552, -0.01671368730048131, -0.7454570305642415]
0.9763670877006905 [98.50612650612644, 0.1177949844591469, -0.013789047074488473, -0.02011984962504075, -0.745052868262869]
0.9763660107131658 [98.4437440497954, 0.11810853637781807, -0.0073645820156842175, -0.02560197905145038, -0.7422157510189094]
0.9763551530867463 [98.61947730147187, 0.11718943080533775, -0.03030921634194585, -0.009855258196001648, -0.7502489134986239]
0.9763302157902229 [98.69547834578529, 0.11741079141362094, 0.03241865694517325, -0.021664542458368793, -0.7452728720495191]
0.9763185911882418 [98.80518730879567, 0.11681347635553561, 0.014836993031420328, -0.0105448278564603, -0.7506210808584064]
0.9763112220628594 [97.99468540268902, 0.12019254678416733, 0.009572242633123802, -0.05593629283196745, -0.7246370073773782]
0.9763054638682235 [98.75489563614974, 0.11747972765358966, 0.06848657352442766, -0.027532098164305553, -0.7427211644104708]
0.9762823625955268 [98.00205202157059, 0.12037151670641656, 0.0312232027003032, -0.06010570877489978, -0.7217851078519537]
0.9762792549870364 [98.88624762113889, 0.11630012906703072, -0.007831998515905119, -0.0026992952501208424, -0.7555748495662482]
