0.9233147100883441 [93.55277132116265, 0.14903955548655318, 0.24183316358698798, 0.7208664224560616, -0.3643507930740695]
0.9231395676871387 [94.50780462884887, 0.1462949307660062, 0.4378202073378701, 0.7121568471673869, -0.3588762054888949]
0.9231184223893957 [94.55517568489853, 0.14620007853878136, 1.5555795009250588, 0.7137282275101662, -0.3669950272017992]
0.9229739463675436 [95.43843626848144, 0.14356266836170767, 0.622270542981413, 0.7057960179951575, -0.36096932787482866]
0.9229177564945302 [95.58684948541716, 0.1435491211184836, 0.6879370678155785, 0.703853624996339, -0.35639454038808605]
0.9229161046949746 [95.70630353453936, 0.14311398324411845, 0.7046805084312147, 0.7039442168693879, -0.3582208795185844]
0.9228804400658122 [95.95274655811275, 0.14243468569252485, 0.7563014428517372, 0.7024390954010726, -0.3595199394336267]
0.9228715133772782 [96.01714687988608, 0.14223872512348734, 1.2279574858304714, 0.7010416235748853, -0.3567764022196952]
0.9228455171965657 [96.21898225116823, 0.1417227815763375, 0.8141348816428364, 0.7003649033684411, -0.35906706763052676]
0.922829615080371 [96.32884779453893, 0.1417220320184814, 1.13576495209315, 0.6998707696796029, -0.3556494369117599]
0.9228107600543473 [96.79541046008389, 0.14040190233742492, 1.0381505492918, 0.6966607733135686, -0.35444823391989966]
0.9228017130785662 [96.91552650213005, 0.13997338006776727, 0.9805068626995145, 0.6965572124390542, -0.3542844297936848]
0.9227899991266697 [96.4799301086138, 0.1414123101720855, 0.9022530325454667, 0.6974064021432759, -0.3531226056291225]
0.9213755963656164 [97.77392972250136, 0.13529873376910778, 1.001835095732818, 0.6821481594897684, -0.3296924179013101]
