0.9299327413591284 [93.05666174706724, 0.1627571132531411, 0.02599992441704522, 0.8976783804297115, -0.29369420840801663]
0.9299305014929269 [93.07569063352187, 0.16251337151333006, 0.013283959907323954, 0.8966099583771062, -0.29475746562375343]
0.9299192553934993 [93.01857383214025, 0.16274570885331996, 0.00656735654533579, 0.8971231034131812, -0.2959868396123261]
0.9299184275584965 [93.01377849317171, 0.1627762472377529, 0.00482814618511017, 0.8973948955353221, -0.29480800871021584]
0.9299072333271513 [93.12330449909766, 0.16216877634675753, 0.007336877498673075, 0.8951902585281639, -0.2969776081940667]
0.9298508269017498 [93.24478585112554, 0.16123692583135316, 0.01357509190049047, 0.8909688434463054, -0.28954170181020644]
0.9296295639443807 [93.1157429318276, 0.16210149686922606, -0.00326771479806024, 0.8942647304446727, -0.2966760744369893]
0.9296239039398413 [93.04985317624718, 0.16251736804949857, -0.005809176619079781, 0.8948624773974376, -0.2968007919796033]
0.9296143204838753 [93.03684192218446, 0.16241030345767382, -0.015089166847640171, 0.8951732897160095, -0.29857575825487004]
0.9296133488983396 [93.02388071440214, 0.1624331400443781, -0.017700776408680785, 0.8952173908672834, -0.29788886013351135]
0.9296101151700292 [93.27950922977107, 0.16098101613104931, -0.0035133498094791675, 0.8908601980757134, -0.2995569436095452]
0.9295902577512984 [92.8491695077581, 0.16342863551808423, -0.02525381331882181, 0.8985307307952903, -0.2960197587552244]
0.8161620844180766 [77.05086589191434, 0.22156886034695172, -0.013270367182522658, 0.7259228822507163, -0.7666345643459589]
0.8158736421305374 [77.41147137869659, 0.21850723810648837, 0.01600219384456933, 0.7196130671633244, -0.7642878330724263]
