0.8314808659143557 [98.1773149533538, 0.13315191752273833, 0.4631994034257838, 1.0015048409384875, -0.13101645548484397]
0.8308272876343367 [98.09306107069679, 0.13306774856453804, 0.40975264225019004, 0.9984992820373572, -0.1368232538790583]
0.830744095277374 [98.15100964417834, 0.13264444462931085, 0.40168207273870826, 0.9984999152960754, -0.13554554738090835]
0.8303056459947519 [97.90423144467971, 0.13325515035496804, 0.36797586870216387, 0.9984938036417068, -0.13448042060845894]
0.8300265979448148 [98.11255366851647, 0.13252241327606049, 0.38302516245493606, 1.002613973197521, -0.13395264835513815]
0.8292804457877021 [97.47600286723369, 0.13493122057041568, 0.331275998987166, 1.001503349468758, -0.14877478259872418]
0.8292327243586148 [97.80775955429233, 0.13271536433684983, 0.2792653945231347, 0.9984982946198953, -0.1398134619247378]
0.8290690799176155 [98.67492191758672, 0.12933955240367379, 0.35348085596932766, 1.001500998197476, -0.1393774799823671]
0.8271603476517693 [97.57822848275003, 0.13183230356225456, 0.11743479959821024, 1.0015005019470942, -0.1431314519102047]
0.8269351124710311 [99.44862711620877, 0.1288241319653266, 0.6024184714299803, 0.984638546427035, -0.15128663665377645]
0.8267393377477206 [97.08631463327532, 0.1343422590736993, 0.12824666197559006, 0.9984984075043932, -0.15203096827818358]
0.8262655237216309 [98.49035511067179, 0.12942734428603378, 0.29858059070947585, 1.001505498683759, -0.19935819830575444]
0.822910713045701 [96.39704261187478, 0.13948734184587736, 0.3040305517391943, 0.9984995412567695, -0.18789266293004533]
0.771097249488859 [100.41905213383964, 0.1222588160540427, 0.23988778532897956, 1.0015027523649738, -0.45028246972160135]
