0.9020945323358311 [81.9249219223311, 0.2077336527915961, -0.998487232645231, 0.42872418484260394, -0.33221581105974457]
0.902003010941621 [81.28322834160701, 0.21387647004332866, -0.9984786616157566, 0.4292345898706229, -0.33234348979938944]
0.9019486272410373 [81.25668706196436, 0.21347310365845057, -1.004236815033975, 0.42039025489623694, -0.33465220029531356]
0.9010120327008715 [80.5814671415891, 0.2188895973168537, 2.998073825359146, 0.4205680194313858, -0.33126955898306787]
0.8948140794827072 [91.53546824138255, 0.18172165455955674, 0.99847444345102, 0.40649141827111834, -0.23176658169279074]
0.8947465880301274 [92.12731163817996, 0.17417331677452208, 0.9984755761953292, 0.3931051760117076, -0.25255438442143086]
0.8943419854898257 [90.84650672920792, 0.17953649851698478, 0.7882489316836213, 0.3945481793496546, -0.2561845948100473]
0.8943157099639516 [90.68778320413855, 0.18011121164882907, 0.7572446344549291, 0.39558356218206936, -0.25750274466857104]
0.8943063823219632 [89.97466252350382, 0.18231030840079177, 0.60900139377318, 0.3963750042974058, -0.26281795204619585]
0.8942916183280827 [90.00408059396743, 0.1818060226768372, 0.5921681928680611, 0.39716379115240796, -0.26418823664439683]
0.8942861388882647 [90.39069077214933, 0.18116421108349978, 0.703363664751744, 0.3956970538235455, -0.259126869013312]
0.8942310158536567 [90.06095100213112, 0.18290820170136698, 0.668449463266906, 0.39568807625109814, -0.25936691180482824]
0.89387028909551 [87.01327535754697, 0.18669470215193507, 0.35243828958214296, 0.2670801939968962, -0.3830407190197172]
0.8928253664106598 [89.27486174588883, 0.17771185113416946, 0.8245518668001919, 0.24159911156508615, -0.3966793145181793]
