0.8268793866672892 [98.03836823642563, 0.13089117448122461, -0.0075330553628323565, 1.001503476757433, -0.1504215296016077]
0.8268640937426691 [98.11697330943777, 0.13051524031731665, -0.007479860413438445, 0.99849978459724, -0.14940593321055257]
0.8268402305035055 [98.10969281071955, 0.13065899037789952, -0.010153058499966323, 1.0015042409079387, -0.15201261541173036]
0.8266920788511914 [98.07159458941877, 0.1306098846131018, -0.026731707323023452, 0.9984980092077556, -0.15179080416834995]
0.8263542582140595 [98.53497940262724, 0.12867882959816646, -0.01977131718811568, 1.0015053078372982, -0.14940344522991927]
0.8261547398228386 [97.97869471864324, 0.1304222291492897, -0.08279890740349291, 1.0015088490941988, -0.15214433589893905]
0.8261098732175745 [98.39582018131213, 0.12894809083378087, -0.05783767440817912, 1.001509121007313, -0.15192686639479597]
0.826069423586866 [97.97950637672216, 0.13088352037770457, -0.023325743391752446, 1.0030875481939532, -0.14788821142812586]
0.825227146155593 [98.21630522406942, 0.13104140447205953, 0.07423204469850934, 0.9984965511438996, -0.14724806030005197]
0.8251725260215573 [98.31378079045768, 0.1308461273152323, 0.07563547619617729, 0.9984912855594503, -0.14985339277910348]
0.8248178655131357 [98.11982634505458, 0.1310942348768186, 0.03333142704282616, 1.0015095739787037, -0.14788808783947338]
0.8246766246805 [98.22705773170486, 0.13051161273047623, 0.02166646754780777, 1.0015050687934537, -0.15367077535170764]
0.8243358998098794 [98.25645356252221, 0.13036080530557853, 0.001624876622364668, 0.9984920450297006, -0.1557762211396319]
0.8170855380603852 [96.19409201408271, 0.13982042321599503, 0.0030382944322122794, 0.9984986607703585, -0.18579271589480237]
