0.9763481332462141 [96.72833487027245, 0.1237872282921619, 0.028395461519987786, -0.06635856618654812, -0.71195616519736]
0.9763398781746062 [96.28865407328466, 0.12497467512043187, -0.05415499467462265, -0.06752838417216972, -0.7086647668436639]
0.9763352168062154 [96.78639379041701, 0.12324483529821914, 0.002335701971971072, -0.05968775118666316, -0.7177441872284218]
0.9763180662286197 [97.45203552041335, 0.1222239683134185, 0.20051580393356133, -0.06747014421490866, -0.7130728660514809]
0.9762748103000476 [97.753924412515, 0.12199436730705016, 0.31279476366616665, -0.0720135847059243, -0.707900586220449]
0.9762631805216629 [97.89938831296031, 0.12149940743459389, 0.32957152671225903, -0.06927734783338879, -0.7111085277536016]
0.9762459496819539 [98.01424288960261, 0.12125788943993246, 0.3574898669456514, -0.06923831717283754, -0.7111778508935165]
0.9762267880211889 [98.05388478890892, 0.12138518792219494, 0.38790840557965167, -0.07043061674637996, -0.709162416428711]
0.9762078886538941 [98.23006650709587, 0.12082334104522247, 0.4113443513100601, -0.06869483018950019, -0.7115150460431406]
0.9761773697883543 [96.25460659225277, 0.1265970649637007, 0.08375327787446238, -0.09043490438085253, -0.6853405960576695]
0.9760730441189751 [98.78840191977085, 0.11973876431853858, 0.5538685546596198, -0.06457975016619395, -0.7127262111543876]
0.976021013395935 [98.5906452804681, 0.12082104288417936, 1.425923753279507, -0.08626039538362364, -0.6984400688882275]
0.9758991901295778 [98.97617826082241, 0.11692450950251808, 0.35177480361906166, -0.03135680630129312, -0.7449103785254174]
0.9757130175526271 [99.53734140794138, 0.11564486460399981, 0.47246200576683156, -0.02437273235644906, -0.7485039315824074]
