0.8642273037769056 [96.84033160497943, 0.1213894758470134, 0.2793772752696023, 0.9984731543278087, 0.07794155598864536]
0.8642265213724479 [96.81772339283013, 0.12122535974439169, 0.24681617094705816, 0.998499957785469, 0.07706399036194916]
0.8642020167686473 [96.95991865080458, 0.12118700107238717, 0.3098353213789057, 1.0015015759490287, 0.07778790110212572]
0.8641620928599475 [96.93294521878602, 0.12145791167103673, 0.33264645725350217, 1.0015241533862416, 0.0780660428942529]
0.8636875556905255 [96.5986944087247, 0.12096298923547268, 0.10923634338490067, 0.998405899443396, 0.074189985047064]
0.8635628112863151 [96.45492333115806, 0.12334012218185875, 0.32805767687134557, 1.0015001048762016, 0.08326970955423788]
0.863425377433973 [97.15124578218666, 0.12187364986474437, 0.4850674286388653, 1.0015055866476077, 0.07927280367166596]
0.8632756219284072 [97.26022423590624, 0.12156564442462649, 0.5024583848951276, 1.0015784771538183, 0.07656282054471306]
0.8625320404812041 [97.32254111142663, 0.12204511720535019, 0.5822456282531594, 1.0015042814350346, 0.07703878084148079]
0.8603324941099875 [97.95400605233705, 0.11893145287662715, 0.5370767486477753, 1.01435242122857, 0.0747210212662284]
0.8602894075302999 [97.71571445956829, 0.1219293744459338, 0.7593093572348408, 0.998475997318417, 0.07591301671295665]
0.8599164357351097 [98.01710327992247, 0.12018778126716681, 0.7201659342916215, 0.9895090624357481, 0.07585796626714757]
0.8157538140031373 [94.16614808419969, 0.13260009209103407, 0.37716266045259655, 1.0015023461476646, -0.04905075964059745]
0.6445969607515182 [103.45440846010143, 0.10680378235630886, 0.2762999247971871, 1.0015006225909282, -0.47160313190106107]
