0.840479588088512 [98.30613670024199, 0.13615512524378404, 1.0015100050240862, 1.0015012088181687, -0.11774582584213464]
0.8382088302651709 [98.01489031820883, 0.1354075536124072, 0.8137362628359338, 1.001500060650757, -0.11860309448472739]
0.8376230924944424 [98.06036878279225, 0.13457051505370393, 0.7750318637515812, 0.9984999392908354, -0.11923753354230329]
0.8360461626182039 [97.82765906989823, 0.1346126421623508, 0.6563582380902759, 1.001500578452438, -0.1273699390041344]
0.835386714691068 [97.59349431385651, 0.13505231031239118, 0.6394555857262337, 0.9983106452190184, -0.11504960585482919]
0.835353537900469 [97.99397207099379, 0.13328082172120417, 0.6272070951561646, 1.0015004731428294, -0.1498022566454804]
0.8345360924734768 [97.75219243879124, 0.1338455286201278, 0.5592405249177752, 1.0015018673457574, -0.1318608860819505]
0.8342810162001891 [97.39906914667804, 0.13541090109443715, 0.5496427134474771, 1.0015004855633027, -0.13083520040104807]
0.8334210284588901 [97.60864209111342, 0.13370138204350973, 0.4902412315458293, 1.0015003270261078, -0.13606552148358908]
0.8323812625067438 [97.32520557654493, 0.13411003558640933, 0.43288795407334146, 1.0015006841919583, -0.14075167555700696]
0.82974499965431 [95.98160783821862, 0.14487117007786765, 0.7835154339791643, 0.9984992551983395, -0.15601272798048388]
0.8279139184757947 [100.13642664583716, 0.1272757676730786, 1.0271387025210637, 0.9770106073702174, -0.1848967968682627]
0.7917804324746406 [98.06382196993569, 0.13077724040858257, 0.3496736324120841, 1.001502019017732, -0.37519149189313006]
0.7888119919904071 [98.32158853433634, 0.13124856645081043, 0.4504743653571479, 0.9984992045481865, -0.38506743031863955]
