0.9256343425674035 [93.07650424228595, 0.161485089437913, 0.17234241651662716, 0.889547493167234, -0.2991835196583401]
0.9256322759136972 [93.23743706195714, 0.16069833160045424, 0.1920806559363816, 0.8872301775034915, -0.29851869805836817]
0.92563224010801 [93.05362862465115, 0.16244193946160884, 0.21597277695029776, 0.8930974076265508, -0.29921282526924153]
0.9256284833361741 [93.03899879058446, 0.16135252843071868, 0.15461624323974327, 0.8899637759983436, -0.29892473584539686]
0.9256235444846834 [93.36320433930024, 0.16034861964005115, 0.2201485651938555, 0.8853950160180137, -0.2984605988392959]
0.9256206427242101 [92.92270402376658, 0.16173970433675816, 0.13072226349625862, 0.8919996396867764, -0.3011261681194288]
0.9256202657228597 [92.99177603586637, 0.16282807606060046, 0.21890451331257907, 0.8943002650996408, -0.29539204483933346]
0.9256137838643854 [93.28781561886206, 0.16021298390163427, 0.17999742472232583, 0.8856717560774017, -0.2982666507936623]
0.9256133244442023 [92.89023738735241, 0.16323757660570962, 0.2040944164874141, 0.8953244613176322, -0.29380955453058566]
0.925605841715827 [92.91876109950098, 0.161489958277716, 0.11207954282812549, 0.8913322871880931, -0.30498759738900383]
0.9255865505493028 [92.78896665734062, 0.16140619031302436, 0.062047579283794924, 0.8904735929608714, -0.3004978741659561]
0.9255835600364197 [92.80346421194835, 0.16130579635882844, 0.05978640062779181, 0.8913540320198474, -0.3026225161428635]
0.925375754291174 [93.82045461290588, 0.1569564609390271, 0.18853799554574643, 0.8746334133473136, -0.30296164616382715]
0.9251382792580775 [91.51980258038895, 0.16305994425628018, -0.33204517610391904, 0.8971825241546225, -0.31155446734953995]
