0.921401407818075 [91.29548431105466, 0.16196779370247438, -0.26816760957689456, 0.8932483996939499, -0.31711179839223747]
0.9212441261523809 [92.35761417959831, 0.16287038513842048, 0.187060511324456, 0.8909178754172487, -0.30562384054928726]
0.9212387028200192 [92.38055075560376, 0.1631023795628, 0.21204699401459437, 0.8913251959261191, -0.30414963308637644]
0.9211674450620984 [92.60148555095884, 0.16330762813734995, 0.31069800294356764, 0.8919845865360161, -0.30161800024473673]
0.9211500051555842 [92.9884023089622, 0.1617997003792138, 0.37179190018074354, 0.8860726681081246, -0.3007757564880288]
0.9211349601582238 [92.93124344720125, 0.16248392036576786, 0.38562750601837414, 0.8884737386173059, -0.2987621414900641]
0.9210917025408689 [93.27742635322764, 0.16094225766039305, 0.4341312390272203, 0.8847237804330792, -0.2992374343626123]
0.9210739060201453 [92.93873259652133, 0.16305674783080154, 0.41442011575433046, 0.8877575734186747, -0.2980184985343331]
0.9209129488790065 [93.88738445254145, 0.15930516671207062, 0.5803586906211202, 0.8795565467589462, -0.2939940286185687]
0.9208761533291403 [93.88580551722016, 0.15995160478433684, 0.6123280520438932, 0.8816144232862839, -0.2952617043559909]
0.920844734498385 [93.73542927560078, 0.16136487287727277, 0.636375360772584, 0.8849717569061015, -0.2893781654101159]
0.9208140309128365 [93.86554125641621, 0.16093099519219087, 0.6613258027240445, 0.8834709456739568, -0.2888761554521778]
0.9206162735171781 [94.35610883626013, 0.1600055746494224, 0.796852982391291, 0.8813663119295997, -0.28906032776170276]
0.9203494568682355 [89.85535037456734, 0.1675823615775488, -0.5078727050871548, 0.9159711511920294, -0.35227349524151114]
