0.8963725598284756 [87.00156394410094, 0.18979754569436327, 0.04573690499394631, 0.1998648058881294, -0.45161985888125017]
0.8963468661154096 [86.71982008946276, 0.19133066388342262, -0.0006383356758011504, 0.20618382426003326, -0.44548493797893585]
0.8963422599065212 [86.89709962238253, 0.19021021220410322, 0.024467706603592737, 0.2012326816205883, -0.45090931882395147]
0.8963381961634898 [86.69691104743478, 0.19138541027654807, -0.006750974787547739, 0.2067066702815111, -0.4451515736607564]
0.8963353701271658 [86.71215657020188, 0.1910820357893616, -0.006933723783279567, 0.20230594957109815, -0.4503167526071216]
0.8963352541766342 [86.6820386569714, 0.19146976204956845, -0.008770886976290755, 0.20678866177599037, -0.4454055378720983]
0.8963269741577213 [86.811510051857, 0.19083499407258048, 0.012265459942228068, 0.2061246132832692, -0.4455003083089786]
0.8963222775921593 [86.78706040410914, 0.19095739482989713, 0.008809290538247444, 0.20607705465290715, -0.44564669232339077]
0.8963138307915557 [86.6220457843613, 0.19165976776472693, -0.023432639594078212, 0.2080667843028191, -0.4445032959067613]
0.896311162295666 [86.77195159693264, 0.1912626003802383, 0.008221998986775881, 0.21069384455106807, -0.44022187720205375]
0.8963074786994543 [86.75527133299522, 0.19133947855558475, 0.005056939047979088, 0.2109081858449947, -0.4401351765009302]
0.8963043719506452 [86.57585936118387, 0.19189764565986533, -0.029897849957808822, 0.20800320448154103, -0.44476114100032393]
0.8963032626103892 [86.58011888509039, 0.1918469256651072, -0.030620457532822554, 0.20840053750828214, -0.4446404170439857]
0.8812698247988374 [87.63863605120329, 0.20555335758409696, 0.013189695903403163, 0.41048735732356034, -0.24774007953098243]
