0.9057173229830426 [93.86525578064447, 0.16539472970709723, 1.0173790275601688, 0.998499665433529, -0.21513182296178995]
0.9047437503065784 [92.89760344745699, 0.17211207019275854, 0.9599431970075206, 0.9984963728133944, -0.18745034288943266]
0.903127009195051 [93.24096239367688, 0.16493975759763382, 0.7241870110657727, 0.9984939050860131, -0.2198453511765167]
0.9006975040430506 [92.70912579590174, 0.16392449519236835, 0.4774402734386292, 0.9984928804412054, -0.21601741298424548]
0.9001462147619146 [92.88339739949217, 0.1624767631555597, 0.46873283343098027, 0.9984887858367426, -0.19853345576030346]
0.9001022508743626 [93.0124373547293, 0.16159716466581073, 0.45942873201399553, 0.9984953812549554, -0.20439046766546565]
0.9001008246338871 [93.4242173580098, 0.15974932831374902, 0.5270014046833558, 0.9984862997097959, -0.19669389622225492]
0.9000943436029476 [92.54777608079549, 0.16387653951116155, 0.42480013314828385, 1.0015053667584093, -0.2117075111996522]
0.8997567953532691 [92.75716318169873, 0.16230751506394153, 0.3964167963800063, 0.9984955199083301, -0.23291257294892442]
0.8991711092779849 [92.5078385539685, 0.16276793133820258, 0.33259797300631605, 1.001517005197378, -0.2316399866876373]
0.8989330855622063 [92.56302905452543, 0.16192464461368378, 0.31310904048336197, 0.9984890128446037, -0.23014832096790938]
0.897161045665047 [92.84684606428516, 0.16170028604303738, 0.41351943379118294, 0.9984396599971304, -0.1615214040097785]
0.876152006332008 [96.14377399940753, 0.14728140934424128, 0.5981145510288597, 1.007351384880478, -0.39946221992667363]
0.7596540584177872 [89.12459998256607, 0.27640997745066626, 0.3822061362553787, 0.7926879328176397, -0.4324765687710669]
