0.7924151674897976 [90.72068343879644, 0.146798298722139, 1.233062590578391, 0.9984999966321748, 0.048807609579271695]
0.7474065512176515 [102.85522341190688, 0.10805626029946039, 0.9600817138804756, 0.9984976797855192, -0.1267156435653668]
0.7464066000517967 [103.83643205588572, 0.10530096925798645, 0.9984761449721641, 1.0019706557372026, -0.14567656048902933]
0.745125837247063 [103.03707979877787, 0.10680699379683865, 0.8679778117649377, 1.0015008485180625, -0.14024486893686378]
0.745034131332265 [102.76087663875737, 0.10794140864309112, 1.1029511074881315, 1.0024260701382344, -0.12971113641442206]
0.7424103739118683 [102.23489105634306, 0.10865839265048602, 1.2422375509180585, 1.001501049076475, -0.14000657598796473]
0.738979471569238 [102.14922603281234, 0.10803393531625242, 1.3686191636408336, 0.9984979707357977, -0.1459272456920412]
0.7386617125287591 [100.87910785641618, 0.11419399782770027, 0.9152109761343878, 1.0016403540118408, -0.11225960130262906]
0.7370135923848825 [101.96258883896209, 0.10818941135836177, 1.4302678101187034, 1.0015008180841867, -0.150306938616756]
0.7297948051833124 [101.91027889158636, 0.10673999477658874, 0.3791908062721374, 0.9984999479971863, -0.17367600123849536]
0.7281177398472566 [102.78418145458399, 0.10409958472746733, 1.5727523740839964, 1.0015000940954837, -0.19509875332297133]
0.6981210249343156 [86.37058105216882, 0.2962690031690991, 0.80174712510844, 1.0015100071911314, -0.44365756261029327]
0.6939067154013896 [84.77719157822015, 0.273593742008936, 0.0328498181068438, 1.001500073356151, -0.5206087051466333]
0.6699185949868586 [105.68257755227756, 0.09743783279784438, 0.9641341296295558, 0.9984995859805108, -0.45039823806453333]
