0.9802831674536613 [97.16591875573206, 0.12044561191672765, 1.9212015621100984, -0.1570510218411483, -0.6737649053274908]
0.9802069377510974 [94.93230591440113, 0.12590413449879834, -0.3934148924819838, -0.15641664200746447, -0.6644159443913286]
0.980179261826011 [96.32327668790144, 0.12296518256596187, -0.04171555640990392, -0.16357578075214746, -0.6593479815245347]
0.9800052558759894 [98.37094034400826, 0.11837171531280011, 1.5696615702744405, -0.1636478467028067, -0.6654127670546266]
0.9797869822241316 [93.36226054907743, 0.12963339978702573, -0.7514473041606704, -0.14500907534834312, -0.6663828547029982]
0.978146901334393 [92.4546588043641, 0.13148512356337566, 3.005960821585237, -0.10711429171564835, -0.685585590524215]
0.9749867752283164 [93.01571931873852, 0.12896999596227, -0.9984864751163731, -0.05806746476437745, -0.7088103425051462]
0.9709524616596468 [102.31031823612324, 0.10748773592457078, 0.9984991409177557, -0.020651562433918018, -0.7606155759123729]
0.96967589102307 [102.37517089696752, 0.10727447901597721, 0.9984999167768815, -0.008273549123996374, -0.7661197339094055]
0.969515182879261 [101.95905970198714, 0.10876247722748261, 0.9984974707720442, -0.005268563156750119, -0.7434604419506071]
0.9691623174897536 [100.02562121628392, 0.11197951541965862, 0.44343646882034177, -0.0031564679027609862, -0.7498480593171486]
0.9689978398212465 [93.57437354068796, 0.1266467746920744, -1.001500173062804, 0.012974213195672945, -0.7313929142182553]
0.9689265720775966 [100.69923998469682, 0.11061838873930815, 0.603259953947543, -0.0008596424195485555, -0.7527700748388615]
0.9678217774306614 [98.60381487977209, 0.11464823464634355, 0.06583119448336125, 0.010262353503022861, -0.7533948350294573]
