0.9801151596698776 [97.53107552690658, 0.1196007968356173, -0.08140465003751682, -0.15460278509228692, -0.6719555176539589]
0.9800834579849829 [97.93923128732729, 0.11859390717262637, -0.0013973063255159188, -0.1530327186187949, -0.6754279518997928]
0.980073218545694 [95.23260440161832, 0.12495370562768483, -0.5867879917906995, -0.15104644632674097, -0.6677924336331729]
0.9799859717642039 [98.78296422926543, 0.11668675806795625, 0.18332826158992718, -0.15123268739117945, -0.679190745643087]
0.9799714476998768 [98.92176933203451, 0.11652008182616506, 0.23189876433778106, -0.1528157862295877, -0.6764561597437639]
0.9795466946363041 [93.19944840246333, 0.13018301055141035, -0.9984977757736666, -0.13568306199944669, -0.6645368527086559]
0.9762458599325303 [102.04315291203939, 0.10969579014534898, 1.102012061658769, -0.08199175302967072, -0.7306582791726572]
0.9755712110502149 [93.2995993601202, 0.12976564927923318, -0.9984984424950187, -0.06661154503716679, -0.6838113924747516]
0.9741803416156773 [94.42251620574352, 0.12486114750313676, -0.9984982729897636, -0.040704778852945364, -0.7220302229324561]
0.9735620790427711 [94.36184826526683, 0.12514152869091225, -0.9984996089038871, -0.03191942625754213, -0.7188404337609562]
0.9711444981175674 [94.6679257957658, 0.12396345323582342, -1.008070045232187, -0.002801647166209489, -0.7292084642439471]
0.9708378545339584 [94.57173143908672, 0.12431440444907912, -1.0015009721370958, 0.001298824444144551, -0.7273645005814813]
0.9701480113791924 [103.35153397926481, 0.10554126038203734, 0.998499034937401, -0.013868435390288057, -0.7617323549662036]
0.9691313371070782 [100.67193587466282, 0.11052945166284735, 0.32559181797881404, -0.0020541140585454004, -0.7517063593036273]
