0.9770934748543012 [95.74751766047365, 0.1273998947237199, 0.630702320369892, -0.08928323423914888, -0.6720365697302546]
0.9770934748252413 [95.74732709585162, 0.12740050543572962, 1.3693653396370724, -0.08927978619033233, -0.6720115898830696]
0.9770934595668862 [95.76084805823245, 0.12737098537306737, 0.6340510229552148, -0.08924110711822186, -0.672053242168056]
0.977091111942384 [95.81565260016066, 0.12702523094103013, 1.3716552033744143, -0.08804584389541698, -0.6749494535991638]
0.9770865001235484 [95.67339040931334, 0.12778199656246356, 0.6311169753448196, -0.09062221084183705, -0.6690645431209873]
0.9770864995596525 [95.67271036497448, 0.12778253232558529, 1.3691297214989497, -0.09062050503905944, -0.669064749023412]
0.9770524127400313 [96.430590966827, 0.12600338722960808, 0.8078658247973237, -0.08705821315008647, -0.6723719359194091]
0.9770328107047933 [95.99313303196877, 0.1259527317572185, 0.6136184826910379, -0.08436250997890632, -0.6836653084804443]
0.9769973993645509 [96.05070064876583, 0.12560066976802592, 0.6082244775646635, -0.08313140491652077, -0.6865376523758764]
0.9769541731699752 [96.11156951832456, 0.12524520469440495, 1.3962805364459432, -0.08184753529946118, -0.6893951936820097]
0.9769032718442768 [97.24523187510025, 0.12400804082308362, 0.9886032621693834, -0.08048384076114219, -0.678414023254629]
0.9768714652825917 [97.28328906379886, 0.12348574191219597, 1.0402313521302886, -0.07753571230143882, -0.6855250513986262]
0.9768437960377634 [96.23261559930125, 0.12455450955591663, 1.4047476724631531, -0.07910562407506093, -0.695088137898518]
0.9765374179951687 [97.52872504863993, 0.12295390352624844, 1.0015000956695461, -0.05769211724091654, -0.6923700015098138]
