0.9768673716447238 [96.23008261653017, 0.1263956866934539, 0.5180267740951726, -0.08646733738922979, -0.6795118547147315]
0.9768673708333112 [96.22908265410348, 0.12639785115723357, 0.5177673973745693, -0.08645909460352608, -0.6795129479485124]
0.9768673637676999 [96.2191601723675, 0.12642051230695972, 1.4845718202043274, -0.0864515512210502, -0.6795149078436042]
0.9768653873409477 [96.30464383302191, 0.12603424440269423, 0.5182811269350678, -0.08481855292770105, -0.682464234127677]
0.9768653871593181 [96.3067066738708, 0.12602996328048627, 0.5187838952324554, -0.08479054857101576, -0.6824760530058522]
0.9768653857614938 [96.30572926007684, 0.1260332557750786, 0.5186190450503951, -0.08474567895216006, -0.6824666961321901]
0.9768653827414604 [96.30692269250821, 0.1260301474322329, 1.4811030448717175, -0.08477649902295184, -0.682469850641605]
0.9768547108448331 [96.3816940206297, 0.12566861194637408, 0.5191151773634586, -0.08313985480767352, -0.6854167083442935]
0.9767604190966122 [95.17835540142214, 0.12855729276463368, 1.753967718005954, -0.08197041955548964, -0.6818508176723329]
0.9764556613503833 [98.37635270534074, 0.12118081045825743, 1.0106259413372194, -0.06721792465812577, -0.6978943724921498]
0.9746566904100833 [99.04955048541805, 0.11821342985329147, 0.9984960667308453, 0.01668616047085604, -0.7137417541341337]
0.973840611601743 [93.7392219837175, 0.12901510538542282, 2.3720256316684005, 0.04311481345613631, -0.7064682198520129]
0.9718583494054096 [99.71238553356893, 0.11521399964045259, 4.998494541325822, 0.07120689718314159, -0.694601978499713]
0.9707181641533361 [99.26284245075007, 0.1173317860285282, 1.0015005496433127, 0.08612919296093485, -0.7015375313725666]
