0.9115011459447299 [89.52351419334065, 0.16457535415693714, -1.1255373125400037, 0.6000730159949643, -0.34248076246153214]
0.9110820935268211 [88.38332056668696, 0.16974228137210348, -1.0015033210118778, 0.6066216958105801, -0.304228388975317]
0.9055722724746393 [93.13618404890858, 0.15405013045455307, -0.12344210641109479, 0.5726557547951636, -0.3309391939466727]
0.9033262818192666 [94.4174499372262, 0.14956363330182915, 0.08670853384577407, 0.5628264411990183, -0.3280551032620463]
0.9029782086277973 [94.62163418447273, 0.149290824757041, 0.15087523064827224, 0.5621608247804191, -0.32778972699320175]
0.9028242698314829 [94.7958876308756, 0.14875457293933894, 0.18247562565827685, 0.5612037052249208, -0.32728434859544153]
0.9028187508249292 [94.63369861418678, 0.14951057980420723, 0.17299936133147226, 0.5629279269437083, -0.3265217986354958]
0.9027545190369246 [94.98494826969275, 0.14785982092127192, 0.19722021659239303, 0.5587029820940748, -0.3259110910945645]
0.9026272462298742 [95.0564694776991, 0.14784147322159513, 0.2253111991456881, 0.5588040607271731, -0.32637544434013044]
0.9025579336270204 [95.23951933810676, 0.14703511390940394, 0.2408427032620915, 0.557806680628301, -0.3278502975232941]
0.9025474582393631 [95.1364767294076, 0.14763716337751231, 0.2444115982022823, 0.558911533116335, -0.3263813613337834]
0.9025403205435293 [95.14336982539214, 0.14762068344023466, 0.24614760450504666, 0.558725351854263, -0.3260144281735873]
0.9024678678196734 [95.23070926256682, 0.14737252372396578, 0.2631656492517596, 0.5583794151818562, -0.32658745073919854]
0.9023854297784635 [95.45119577298982, 0.1463730774662154, 0.2818335879684547, 0.5560437355363399, -0.3268336150831501]
