0.902232467220015 [94.66510754112431, 0.15926855331274525, 1.2593980087472205, 1.0015416752379194, -0.2087486455598607]
0.9007389622897763 [92.7940397717308, 0.16755762238455751, 0.5017248125526076, 1.0015029469710068, -0.2063587800121281]
0.8989638962626368 [91.55369860136442, 0.1755256993373649, 0.4665748239719967, 0.9984956107436096, -0.21513740988487012]
0.8988049327021833 [92.938330178437, 0.16309012566555542, 0.3260312602881524, 0.9984983240945444, -0.2133175128323489]
0.898461844519988 [92.67509969906563, 0.16416749456610574, 0.2761648952378383, 0.9984941374955041, -0.2158846929544454]
0.8984368587326154 [92.64507020951665, 0.16428072232036314, 0.2726269156308906, 0.9984968356543886, -0.2166640997100429]
0.8983774953065455 [92.45813223026141, 0.1656875857617474, 0.27186989294788233, 0.998472932881975, -0.2213432166875044]
0.8983435134195686 [92.61185141040713, 0.16441964902528997, 0.262532723278346, 1.001502537554506, -0.22355121455538401]
0.8983060644176066 [92.49555219754647, 0.16489667696202037, 0.26431389836242697, 1.0015038481094787, -0.2132578400773228]
0.8982684836590308 [92.06350807362152, 0.1681156909148937, 0.2744686183342985, 0.9984971436567295, -0.20733351701487712]
0.8979430345889434 [92.3936123917991, 0.16512090206459926, 0.25110654218985407, 0.9983432727262709, -0.20576546355951342]
0.8978248683744734 [92.3772698198454, 0.1653991646024741, 0.21630339452120123, 0.9984999314176612, -0.22111373616977756]
0.8969964132633006 [93.54808275049822, 0.158064754006834, 0.24810378376884729, 0.9984994175820973, -0.22151095628969558]
0.8963666095385024 [92.22046128112143, 0.163469404509819, 0.0691452199799741, 1.0015006814507863, -0.22523425920028706]
