0.9585220954296699 [91.03867940485095, 0.1465520914402257, 0.20762583583519117, 0.10740081831941939, -0.6466398969478511]
0.9585139086806179 [91.19712364706973, 0.14595257171286996, 0.23221200665519925, 0.10505575464398245, -0.6500042476684356]
0.9584902204268353 [91.54437358270606, 0.14509161835197634, 0.32089682992975543, 0.10472627103839194, -0.6479560256175425]
0.9584876111898489 [91.34145321507191, 0.1453931576736997, 1.7464714608631187, 0.10278059011189142, -0.6532715643808695]
0.9584835229579475 [90.68912712915761, 0.1477947723820422, 1.8508560451165543, 0.11229768279147245, -0.6401498914125493]
0.9584604950081058 [90.2574693387293, 0.1489801408526969, 0.04508432405857656, 0.11172376545998819, -0.6388673307126774]
0.9584427800575309 [91.47815949606805, 0.14486837762833352, 1.7265008915457105, 0.10071724418121095, -0.656589521053847]
0.9584427356924046 [91.4698188299529, 0.14488628583799926, 0.271245809922095, 0.10083160351303283, -0.6565817475978466]
0.9584041192129166 [91.52553687632151, 0.14543094362890321, 1.6609147279030219, 0.10713815730689533, -0.6420396250499929]
0.958378988155582 [91.61768398278386, 0.14433950690073993, 0.29423636053853874, 0.09851112314343016, -0.6598525030226192]
0.958378984109404 [91.60398287310872, 0.14437122649655398, 0.2907087575532947, 0.09859169106323648, -0.6597285538257632]
0.9583789475192914 [91.61469847463098, 0.14433894937393277, 1.7070117124089697, 0.09851862966304831, -0.6596098163602496]
0.9580695183241952 [93.08972882242185, 0.14055554811918747, 1.3462900359243077, 0.09542287613268623, -0.6560902628922963]
0.9574665672376339 [94.02942222427771, 0.13806480219477557, 0.8692575870058987, 0.09548047470414459, -0.6636573407141455]
