0.9136066338707134 [87.51426721215259, 0.17315205950936402, -1.045956553163312, 0.6185784852902334, -0.34402261155878006]
0.9132839968590659 [88.93607505621063, 0.16352432055632776, -1.0458626680428662, 0.603616846667706, -0.3531482465125668]
0.9127013951910364 [87.04150061778975, 0.17482309516753725, -0.9983484188157945, 0.6154686640086398, -0.3203110107418593]
0.9085691953546808 [91.27197609522291, 0.16124807443078143, -0.21797840734949558, 0.5884878914780161, -0.33895934741261163]
0.9060533525917434 [93.06992685301856, 0.1549334671988004, 0.10182238589580395, 0.5729991260406377, -0.3226335902063273]
0.9053326030425679 [93.9789605476869, 0.15240826135413915, 0.2909517224181278, 0.5668554858344311, -0.32775163636039095]
0.9051525947469794 [94.33139760720367, 0.15109062976061005, 0.35496996945028647, 0.5629822299022363, -0.3256139261156697]
0.9051268768541096 [94.36954587084648, 0.15107812588711944, 0.36431773935780803, 0.5632611098329398, -0.32456915983464696]
0.9049886473228451 [94.70679062659276, 0.1498281894405707, 0.41813639283809345, 0.5618774516407569, -0.3254355588091239]
0.904956019109613 [94.72097033087893, 0.15001746164407653, 0.4342707937317679, 0.5609298636638664, -0.32507579972802286]
0.9049467415523814 [94.75372673186962, 0.14986526698406694, 0.438662373259849, 0.5606320989141222, -0.32541551097704385]
0.9047851343467265 [94.73434847686204, 0.15058895321705312, 0.48417617599709084, 0.5613569394098877, -0.3197047019574252]
0.9047165336321821 [95.59723787563746, 0.14759092453436967, 0.6266660041135315, 0.5560865974792282, -0.32094139249307485]
0.9047155230041056 [95.82737625398386, 0.1469491290513742, 0.6747145468479774, 0.554692974717339, -0.32070035397460445]
