0.9804457298944551 [96.53792258325615, 0.12195404899864459, 0.18331687998311616, -0.16028418342994344, -0.671877375597685]
0.9804244288215032 [97.21208966182006, 0.12047637911662386, 0.34546199327726423, -0.16027501841355557, -0.6728226779718351]
0.9797344238615917 [99.25189157380234, 0.11647816026621774, -2.8866882469794843, -0.13991525666708365, -0.6723860665250541]
0.978415871359971 [91.0281651726911, 0.13599745428735363, -0.9984982601171142, -0.1251860684753417, -0.6595192407366318]
0.9773287222747941 [100.37513928078175, 0.11253920242984569, -2.9623517194182503, -0.09145716471968288, -0.7283020253105408]
0.9743482099516665 [91.59592977023648, 0.1333428562152909, -0.9984939480025502, -0.06256118593265073, -0.6877835696896517]
0.9743014974872856 [92.14093306408387, 0.13184165936448486, -1.1121880984332926, -0.06115674332220067, -0.690583306135421]
0.9742526806416385 [91.59786159447962, 0.13332302448745328, -0.9984966445459758, -0.06137935511490085, -0.688389891393329]
0.9741158813299939 [91.64299864527202, 0.13312204628296684, -0.9984572252657864, -0.05965427708110728, -0.6934254751593396]
0.968725806257513 [101.05430990689337, 0.11016594754855477, 1.0233214026799735, -0.0029717182041735122, -0.7544117653110384]
0.9684700623355342 [100.98368629845393, 0.11052001937348727, 1.0126327270707987, 1.0522783371490867e-05, -0.7363399744364583]
0.9679388396009219 [98.1566067294211, 0.11594859609856781, 0.25778263912304367, 0.00037880786263534596, -0.7402265179070762]
0.9676943021896832 [101.01065730562809, 0.11047970202842752, 0.998489531200945, 0.00653984914139023, -0.7455668705283477]
0.9656226033511426 [101.03091655440105, 0.1104165059924026, 1.0033067915426441, 0.02371367324803098, -0.7415978475384495]
