0.9237988467910702 [94.6239714760682, 0.1462170540143365, 0.258468408420344, 0.7169071672575176, -0.3623179027077943]
0.9237475830421709 [89.50015631212119, 0.15924035795187763, -1.0716464374985644, 0.755701954979485, -0.38853972564768013]
0.9235217966805515 [95.56213904346085, 0.1433724412215766, 0.4359878923868836, 0.7099887536552045, -0.361491315824823]
0.9235116731223578 [95.5308565678902, 0.14350995824322887, 0.43433844525633303, 0.7097477730907626, -0.364754415457834]
0.9233133773014714 [96.01723287188659, 0.14245220240938558, 0.5587983280247184, 0.7065018075578775, -0.35990760787915665]
0.9231151516708208 [96.77070627369093, 0.1397018792675914, 0.6596880411235, 0.7006181944885573, -0.36275393110723864]
0.9230890839923998 [96.813644647422, 0.1401613069792143, 0.7174138048371976, 0.7010663823540332, -0.3559285956673113]
0.9230692849940381 [96.83175658316229, 0.14022479065842297, 0.726797368857268, 0.700971071550897, -0.36038707101477163]
0.9230305423700403 [97.01614643230435, 0.1395420226448164, 0.7490444120164192, 0.7012570197899407, -0.35798324836073836]
0.9229956509581388 [97.13641707747692, 0.13933493727434187, 0.7918166348789057, 0.6975388301254624, -0.3542656344683764]
0.9229475656321653 [97.33254497251872, 0.13879320974652573, 0.8323668042245427, 0.6964510756987305, -0.3567995879611804]
0.9228865981465986 [97.20793399650424, 0.13970521190987717, 0.8542532422036657, 0.699133513646061, -0.35328119345019493]
0.9227358485334594 [98.07691892793527, 0.13662782593528094, 1.0185625299215162, 0.6897980720170334, -0.35715729171069344]
0.9226073823757467 [96.14991639250309, 0.1425376752795871, 0.6094498017320886, 0.7076164610772033, -0.3855126085030174]
