0.955865509793131 [91.94885854247042, 0.1445585121005863, 0.036651792315140735, 0.10575792150780672, -0.6544169985761992]
0.9558654105985 [91.9419628196739, 0.14457744113651383, 0.03470242284395315, 0.10598600064855286, -0.6542373872414305]
0.9558393126848028 [92.08469009673715, 0.14402275455594787, 0.05462626721967072, 0.10379722810224729, -0.6577151792218905]
0.955828815169196 [92.5438550133736, 0.1428672614468724, 0.16526517508758043, 0.10414782878519618, -0.6565065616035854]
0.9557970463851633 [92.16661009513481, 0.14365994274386845, 0.06218198395332317, 0.1018190702745222, -0.6607260843224021]
0.9557726909515151 [92.0918020350405, 0.14472987187051733, 0.11220361130484019, 0.1106754622529847, -0.6430306601763343]
0.9557107419357591 [93.15650198041638, 0.14119563460763196, 0.3025946958696061, 0.10110484736477093, -0.6573968413407435]
0.9557034789816626 [93.18294653914057, 0.14112952133974332, 0.3087102369463255, 0.10115599065390521, -0.657726548703861]
0.9556338475058899 [93.42063292847872, 0.14048103360236597, 0.3617215208540864, 0.10044360178079764, -0.6581783577825566]
0.9555575146379841 [93.56934027611467, 0.14021001208344833, 0.40506321998480943, 0.102238082477582, -0.655564890968745]
0.9555493237513584 [93.65671325328837, 0.13984070257428827, 0.41326427311518754, 0.1012709643937096, -0.6591964250882032]
0.9554059788000265 [93.85039609663198, 0.139494489969041, 1.528073858048156, 0.09403633683644767, -0.6581838908193189]
0.9553698333933965 [93.55951866918139, 0.1406829250783308, 0.4369026122267858, 0.10711905387628501, -0.646726885407889]
0.9547825522165434 [95.03577041263563, 0.13625534282531515, 0.7293486973202127, 0.09797820221607695, -0.6588669994668389]
