0.899866144256864 [95.00257824205814, 0.14710292572444433, -0.049254087084203736, 0.5606302713008163, -0.32965417557705157]
0.899646597015354 [95.19457783904002, 0.14641585868880921, -0.019206021688573785, 0.5595711286820277, -0.32937965686224546]
0.8996338267071861 [95.21293220778597, 0.1463178033200887, -0.017508757845000496, 0.5594012972618154, -0.3290137423539275]
0.8996089214129271 [95.21945407025109, 0.1463456523940025, -0.014023367212870154, 0.5593508472970767, -0.3291990653541724]
0.8996012717348004 [95.34590318471186, 0.14561121755980738, -0.015684015656749102, 0.5577313258321627, -0.33056257763786356]
0.8995233757686848 [95.2755820234149, 0.1461856796252849, -0.002160764747307276, 0.5588033889974411, -0.32938130733748766]
0.899510574132909 [95.29559697742832, 0.14609666670164656, -0.00037355870064641016, 0.5587719230190915, -0.329567519268277]
0.8994978730670552 [95.21827960383754, 0.14647660681538155, -0.0016270423075598747, 0.5598441699230724, -0.328875284423275]
0.89843528636417 [95.24406605404687, 0.14639020001677155, 0.00034001884016664175, 0.5585749035105975, -0.3291260550624605]
0.8984197341713304 [95.30509531861102, 0.14610385934821202, 0.0015799123368961106, 0.5583028982750116, -0.32866956547922477]
0.898403421894239 [95.26431679526988, 0.14634417156572288, 0.004990061647291979, 0.5584644943238855, -0.3294195197133416]
0.8983876137023323 [95.27221750056178, 0.14635225365754242, 0.007306517278919797, 0.5584429557459063, -0.329233454766371]
0.8982331493525455 [95.42971811534824, 0.1457861294519717, 0.02891317104029601, 0.5573104524584742, -0.3307179557492769]
0.8981916279171399 [95.43856444817507, 0.1458027032927509, 0.03649378274476242, 0.557351247993295, -0.32914246246822704]
