0.9180591110181298 [90.31357486196526, 0.16481319183689874, 2.0835682538545406, 0.8937023004329165, -0.3209518821146493]
0.9166850935700892 [91.30587151895637, 0.16229738638367813, 0.16400574283990405, 0.8824922310167409, -0.3123359607900132]
0.9164322282613337 [91.24934890285704, 0.16503166968091085, 0.2973086507079711, 0.8883528347215257, -0.31162171299909447]
0.9162705104927403 [91.75396307546899, 0.16347464577301368, 0.4027399452398711, 0.88453537651922, -0.3086332146329082]
0.9159319050302871 [92.28923544312853, 0.16285477928609796, 0.5779266467588161, 0.8808055160532269, -0.3014682137500683]
0.9157412643736917 [92.15780536188717, 0.16536129440053227, 0.6586088334499083, 0.888504039679367, -0.3002667118926522]
0.915623629332353 [91.99012315105418, 0.16701556233743156, 0.6880564798769202, 0.8937947452900941, -0.29525192357368474]
0.9156140331663324 [92.307651279603, 0.16561978980717695, 1.2683582650438892, 0.8889021027643, -0.29571797119562315]
0.9155795429803283 [92.74841675608062, 0.16318987689746234, 1.227655660160501, 0.8801007086799812, -0.29465925424767025]
0.9155661326355138 [92.39203168281325, 0.16531834873668627, 0.7509131431455605, 0.8899165303463079, -0.294398715010293]
0.9155630197978066 [92.54690285494229, 0.16467277838027655, 0.7719120195504767, 0.8870899600231033, -0.29835194574417667]
0.9153381102413587 [92.97725446582088, 0.16446490910230227, 0.927603910957986, 0.8853527444254885, -0.2899588635694663]
0.9152357938490789 [93.85311801041829, 0.15327183448704618, 0.6202165327397824, 0.8495293479301863, -0.3093250763859826]
0.9151417263647234 [93.94861589306004, 0.1567093906218473, 0.875636962814776, 0.8648102479669031, -0.28374254533246224]
