0.909874952929559 [93.13506399967204, 0.16229454378889435, 0.9258529519996731, 1.0015106425076226, -0.21463761870634676]
0.9096696145374097 [93.00947882769908, 0.1627705887206325, 0.898728621052868, 1.0015170722052102, -0.2152589187433695]
0.9095064653772421 [93.01207612972178, 0.1627596790121686, 1.1160166538532403, 1.001514373651267, -0.2271881591181215]
0.9084941057669158 [92.84473543626439, 0.16465363424833163, 1.057947630905292, 1.0015038614427307, -0.2681458709797415]
0.9084137004263234 [92.68581627386882, 0.16317033537180226, 1.1911016200725149, 0.9984803381955214, -0.20015507515588976]
0.9083375579495727 [92.38744700848218, 0.16447215618097216, 0.7626426702879634, 0.9984819436856545, -0.22488733666438604]
0.9079413047940382 [92.53561366047546, 0.16793291963912294, 0.9968128267250125, 1.0015086016592265, -0.2732424741757119]
0.9077861600449585 [93.28001060929233, 0.15887623577702167, 0.7752177433988363, 0.9984920428187023, -0.22144646794963396]
0.9076630426194806 [92.5049574655277, 0.16269188507633506, 0.7084752085272055, 0.9983353622885296, -0.21899444118942568]
0.9076372694742038 [94.40845772610109, 0.15429830087914254, 1.061947863133145, 0.9984901493945996, -0.238106020571282]
0.9070738818477342 [92.24650220391283, 0.1635183805732771, 0.6526778712096064, 1.0015062317782704, -0.23670736337957266]
0.905279696711516 [92.63705450290745, 0.15902787490919335, 0.5495687593418026, 1.001516545098843, -0.24280189531666457]
0.9052423398527731 [92.48078242270901, 0.15995716742603042, 1.4767250785230708, 1.0015116645446382, -0.23809669571694508]
0.9052249880383831 [92.94365735312826, 0.1576740324529854, 1.4249014376448963, 0.9984777760810892, -0.24747081067501575]
