0.9765784645874556 [96.59238492882753, 0.12487103574771032, 0.30582266450645396, -0.0788345037626896, -0.696434776332897]
0.9765777623705837 [96.47607820233412, 0.12553104283959188, 0.3152501016709419, -0.08293295308608661, -0.6906447872031868]
0.9765777622178765 [96.47584541125153, 0.12553289836734702, 0.3152831602644308, -0.08293922889775845, -0.6906490967882435]
0.9765754789688604 [96.24621901494629, 0.12583847555184868, 0.2415756149719, -0.08050976448255412, -0.6931692337337851]
0.976574069789181 [96.21056567700595, 0.12590950081532049, 0.23274537720109856, -0.08100247155792024, -0.6931476006830493]
0.9765694360900549 [96.64950881394537, 0.12454022739248657, 0.30050492977567106, -0.07675032478657423, -0.6993429789844671]
0.9765694341035374 [96.64913155928376, 0.12454199549620557, 0.3004933747571803, -0.07672521133353247, -0.6992910347750898]
0.976563811141457 [96.92539543247103, 0.12455925520904051, 0.42454319389738937, -0.08255055698562835, -0.6911245964072554]
0.9765376411939712 [97.26092414086338, 0.12366379594447927, -2.489096121527873, -0.07539833857935319, -0.6945851123095181]
0.9764710956045216 [97.78056983340537, 0.12220190761535588, 1.417231277668363, -0.0776770920422716, -0.7002232331552765]
0.9764510112744988 [97.88891439952695, 0.12221056185688972, 0.631656184171713, -0.07317797785813202, -0.6990733892214582]
0.9763593935413779 [96.98471443339292, 0.12236703182010594, 0.24460463719650394, -0.06043072448887379, -0.7190220780245999]
0.976353309304366 [97.9703515637409, 0.1207975607638719, 0.5332454355673781, -0.0626669990191939, -0.715435756143594]
0.9757829446205479 [98.83420995904132, 0.11750793174963203, 0.5940720274912603, -0.04081379018670716, -0.7382691560955902]
