0.8999290161724652 [92.42153539839947, 0.16468322084107812, -0.001763967321753269, 1.0015054007831372, -0.22153620497097692]
0.8997944274716148 [92.36598553938671, 0.16478734254404592, -0.014607674722096554, 1.001504289804405, -0.21900602981490613]
0.899793569526704 [92.2043652704327, 0.1659337141644614, -0.011799284457918387, 0.9984982866837762, -0.2165307455581043]
0.8997766370981984 [92.426866324993, 0.1645514959303964, -0.015647504914497144, 1.001500583251386, -0.2220192222000006]
0.8996964549559922 [92.45670229156244, 0.16418919858004075, -0.023653915091347736, 0.9984975973914693, -0.22178724242515935]
0.8996947291898554 [92.51686216288344, 0.1636834734757006, -0.02107142540310837, 1.0015012609493334, -0.21759379162956324]
0.8995798749989563 [92.78245906413599, 0.16229331801410318, -0.003388861613974711, 1.001501335497713, -0.20706949925848786]
0.8980762169709886 [92.40509345513345, 0.16526196981169572, 0.02665744901335098, 0.9984981174044862, -0.21981241684018565]
0.8980455530319258 [92.35996227454447, 0.16546737932987782, 0.022951355693210142, 1.001505269021902, -0.2185325835747473]
0.8978555609983705 [92.25886311532592, 0.16574022931321955, 0.004608518767464015, 1.001501379247563, -0.21643363849710023]
0.8976839840680235 [92.40364318687571, 0.1649893424218391, 0.00674759087916612, 0.9984976462692912, -0.20220519234478104]
0.895650356252386 [92.16741893370217, 0.16615350757634054, -0.00633700601111549, 0.998499802779091, -0.13945149563116999]
0.8859129022031205 [91.06558873646361, 0.17433750980688106, -0.01138614984076319, 1.0015006066195464, -0.33872694879421117]
0.7673337213625124 [85.00076032291079, 0.35649870633282293, 0.10218870915719819, 0.9064273014390651, -0.45012779451003865]
