0.8449979016759789 [95.52281993228313, 0.12549328298443269, 0.3736383583851117, 1.0015032761788345, 0.08516900313997725]
0.8439972092853338 [95.72840932208442, 0.12592982913282375, 0.5271378076604258, 1.0015227948921426, 0.08837131896673181]
0.8433973125209336 [95.80215094587606, 0.12598040046058046, 0.5731529474967099, 0.9972274215549232, 0.09066348111152085]
0.8433349759172392 [95.51837764653094, 0.12726314120672716, 0.5754695999330203, 0.9984994538992884, 0.08686989203765409]
0.8413192778384403 [96.01902128736316, 0.12665865183745462, 0.7572166239797151, 0.9984999009765776, 0.09272366402770935]
0.7513626011334611 [103.96028201390968, 0.10808407427990123, 0.9657734429339451, 0.9984982214952075, -0.1196242218176237]
0.7486272977205424 [103.66108392219311, 0.10775748104539322, 0.7810979393977677, 1.001500604308621, -0.12257523827997682]
0.7480671885623121 [103.48684367516587, 0.1080146411147109, 0.7461695471065855, 1.0015000792131667, -0.12413063529087254]
0.7477646311338062 [103.39423360892496, 0.10823513305820441, 0.7298341581776422, 1.001500048825923, -0.12197052495862652]
0.7462225817217221 [103.20634127689212, 0.10822096176390245, 0.6484063930981845, 0.9984999837108586, -0.12257144603167049]
0.6808696916019185 [90.27124055580522, 0.26870216665495383, 0.9984997740529975, 1.0015027300260912, -0.3392676927527357]
0.6806794059423357 [86.8390477809755, 0.2789165400267407, 0.32044945865736074, 0.9984989731512691, -0.49127946939788913]
0.677582920071343 [89.99586186185907, 0.26110312840795236, 0.8310609107470547, 1.0527093031999408, -0.4175699581430623]
0.6525808974043409 [92.29590498307917, 0.2171086067314998, 0.5106535026727776, 0.9985000553932175, -0.3329768885683606]
