0.900607725131051 [82.41865801651517, 0.20637861088839016, -0.9984169136114589, 0.4117249019303926, -0.3321285941100549]
0.9005665769242297 [82.86808239693522, 0.20336083307171646, -0.9984875338004295, 0.41843949835606786, -0.33273223261848206]
0.9001651765722113 [81.66699283725913, 0.213853891714972, -0.9984701181083893, 0.41773710905233863, -0.3226515985890712]
0.8997400914682729 [80.9589829429039, 0.22006627463147016, -0.9984807822473005, 0.4090616320492596, -0.3367685923544774]
0.8994269047253323 [84.21451671184644, 0.19289785197776593, -1.001579305627676, 0.4336470402525683, -0.32337966742939983]
0.8940541292589591 [87.88643499389165, 0.18410443645584443, 0.40382301253606134, 0.24707472057755536, -0.39954211130649697]
0.8940188473436362 [87.93419234019704, 0.18301219320514364, 0.43026893690694135, 0.22143552180725923, -0.42748274987728163]
0.8939899629335692 [88.13455830698916, 0.18267369400916073, 0.46180232692440987, 0.23257628279304737, -0.4136530472615188]
0.8939446286773063 [87.78885571030077, 0.18257452747853584, 0.408217315710411, 0.19941215629414544, -0.4551566655899578]
0.8938263591103875 [88.58496185735419, 0.18090942513396502, 0.5578968482736151, 0.22736780693877237, -0.4166966806365524]
0.8937559213150221 [88.23345835415336, 0.1832719207602106, 0.47901079142287495, 0.25251188562070404, -0.3908642475226572]
0.8936491861443725 [88.88382822764532, 0.1802963619386936, 0.6094155102853887, 0.23889397435879517, -0.4036430030301219]
0.8931801570664631 [90.23198758729407, 0.174457880446197, 0.9261739542835535, 0.19607806864803823, -0.44250622956002106]
0.8903099143193336 [91.75498575416195, 0.17304218007672723, 0.7781385782478403, 0.36391122958702543, -0.2840103713646829]
