0.8821261650392909 [97.95976393058365, 0.11730822839278496, 0.055673035732670274, 1.0015000014681033, 0.06779702684218691]
0.8818587128383343 [98.01238506847736, 0.11721503440149253, 0.0716896950005504, 0.9974398098162303, 0.06824961740829068]
0.881839573171174 [97.88687282388145, 0.11735027212544419, 0.029309792886776532, 0.9984998829892567, 0.06819715892895412]
0.8817566082140746 [97.87966334415651, 0.11714950237978436, -0.0015260112077387583, 0.9984999812945297, 0.06607689508455786]
0.8816972864864636 [97.92473316561885, 0.11698126708915844, -0.007279877322133095, 1.0015003353141712, 0.0650188171707998]
0.8816631781254679 [97.92415397957791, 0.11695790770329888, -0.010179026962743701, 1.00150005938861, 0.06493904688259663]
0.8815952977252003 [97.903770348709, 0.11697834496072931, -0.015787525497902036, 0.9984995639655367, 0.06532641906778267]
0.8815488137600105 [97.90445695922438, 0.11697834927751746, -0.015594874801851975, 1.0016122401005922, 0.0650859812956201]
0.8815200764929779 [97.89071336298147, 0.11697631536603709, -0.02180946633701897, 1.0015000658411253, 0.06578847664238849]
0.8815091028025316 [97.81861797459791, 0.11737823048960182, 0.0034369866353280605, 1.0015000815934243, 0.06851828663882431]
0.881108998793766 [97.8703051478771, 0.11682719877778394, -0.05289743665179923, 0.9984999770210565, 0.06355187927267054]
0.876635925534641 [98.30544590762285, 0.11482467049737907, -0.08907485892708691, 0.9909029823139002, 0.056900451962275465]
0.6258672130573555 [101.28345778084872, 0.14513586580249915, 0.0019378841945926102, 0.750285139823671, -0.7119465214875303]
0.6253547939237425 [101.11092621740882, 0.14604389415342353, -0.008652976832465603, 0.7523094354169455, -0.712245254094406]
