0.904150922036127 [81.57196195328027, 0.2046515369143183, -1.0015242299026723, 0.41866513344667267, -0.3455605126345054]
0.9036422258269228 [82.3824002926438, 0.19933806306320273, -1.073332023885781, 0.41387446016077933, -0.34539895157043077]
0.9015194056328761 [79.62816942780086, 0.22756856357753277, -1.01621912497686, 0.43997557960987216, -0.31948364024791104]
0.8978298181784365 [90.72908996349759, 0.18405840528392606, 1.0038519703843403, 0.41520927255045115, -0.22818533348353892]
0.8978028300939109 [90.81573273962795, 0.18305373463671032, 0.998408908720636, 0.4108414224006678, -0.23215018997188253]
0.8977329407285177 [90.995406820332, 0.18165796945061996, 0.9966348221499635, 0.4117050176226265, -0.23501589489228997]
0.8976114869195619 [90.52295665038204, 0.18500386062315977, 0.959930709171795, 0.42103615869853916, -0.23353983361839614]
0.8975515602183506 [90.4266328407328, 0.18496879389846022, 0.9388524298065585, 0.41758836415867856, -0.22826743421706688]
0.8968250436038413 [88.72162560509611, 0.18987685159030893, 0.5758940514028497, 0.4171828539690027, -0.24592538702562627]
0.8968139334178824 [86.69343426137384, 0.19816733628574104, 1.7951200551768676, 0.42842340950873414, -0.2572592982225823]
0.8967517128620551 [87.70573956669885, 0.1937246130758919, 0.3769202491500876, 0.42296258491840066, -0.2525732359934679]
0.8940613359964197 [86.67820422851617, 0.18367634045698444, 0.43201230888865144, 0.19166481763107077, -0.4694465143271957]
0.893716899400883 [87.35111731984702, 0.180406136112013, 0.570352534310944, 0.16450451283432854, -0.4991251426530132]
0.8936783570994093 [88.56062667947162, 0.1762872484478942, 0.837535570691595, 0.1624127723093387, -0.4940640091008285]
