0.9255619022408562 [95.8636898451957, 0.14470191166138385, -0.039742724904564423, 0.7187797762236918, -0.34960122315882813]
0.9255019694070634 [96.06319716930366, 0.14379635991113282, -0.026979651255099938, 0.7159996323714748, -0.34918830655563216]
0.9254455663876584 [96.13671639243128, 0.14358753353141135, -0.011605573309194797, 0.7160209594356858, -0.34772990643815654]
0.9254417970305208 [96.04175794724564, 0.14413014387932932, -0.006593717095079515, 0.7169525471501028, -0.35113366544144553]
0.9254380814748295 [96.03526286735905, 0.14425048962770334, -0.004500013883778802, 0.7172586941136962, -0.3485778994753016]
0.9254269892603584 [96.11455365324082, 0.14383608800988668, -0.0010909979591618942, 0.7170846202819208, -0.3491472257106035]
0.9251864359507347 [96.11036974537146, 0.14391362574922192, 0.0010443441949714916, 0.7173554185041855, -0.34959062098091354]
0.9251596272359915 [96.15520845797167, 0.143806962906924, 0.008747194681454682, 0.717380535231636, -0.3483908890087788]
0.9251571343082937 [96.13584556183343, 0.14393590457916972, 0.009123285172418002, 0.7175696219960646, -0.3499243703001366]
0.9251527463101525 [96.04220491849976, 0.14434303564174833, 0.007368457801358326, 0.7180458528877705, -0.3467870227479706]
0.925124981492114 [96.26334971163128, 0.14323571408207836, 0.009534397179531896, 0.7151838153497303, -0.35089211183837077]
0.9250905360990647 [96.25839222046659, 0.14350062502493427, 0.028287976528160223, 0.7166142050703226, -0.35052307334465904]
0.9250540443775079 [96.3818436508325, 0.1428500631430874, 0.028883196537341657, 0.7141320900921443, -0.3504932635103767]
0.7892144834674698 [82.17733790055033, 0.17982044643776482, 0.018046358103385764, 0.6886527488864533, -0.7782180030181649]
