0.9800555200087819 [96.87831753116993, 0.12114543704847337, -0.45787632130352485, -0.15322858951358953, -0.6653785306681179]
0.979918914005466 [98.69674542182668, 0.11699723604774806, -0.06511660583447176, -0.15268689181778325, -0.6710441876493138]
0.979915749662897 [98.72236270653124, 0.11694274756934246, -0.05918516998906864, -0.1527329896495582, -0.6710665376857237]
0.9798796514208865 [98.97727442067367, 0.11640940959369625, 0.0007048133103087345, -0.1526663720981079, -0.6714522646751853]
0.979863048483302 [99.09730997517076, 0.11616017951690022, 0.028989626809808176, -0.15267143641523612, -0.6716328969698226]
0.9798432337426491 [99.23475419032505, 0.11587455943017105, 0.0614172777685129, -0.15259042336874823, -0.671805985585699]
0.9798331145098955 [99.3326656710814, 0.11555274429968747, 0.06915619258007268, -0.15102903270442763, -0.6745158269816655]
0.9797978310543453 [99.52719697650954, 0.1152768832982924, 0.13130420878041604, -0.1523781880747695, -0.6721673878757451]
0.979767203323012 [99.59036730885362, 0.11526828958132643, 0.1621257191704496, -0.15362198915975475, -0.6696535261336393]
0.9797279737503672 [99.19888936390086, 0.11535259234823578, -0.02462893850695959, -0.1448149907999063, -0.6848017860653854]
0.9794430508640166 [101.31321574162335, 0.11170419358772121, 0.5618978178178827, -0.14792328281486933, -0.6764959943158425]
0.979230616772776 [102.01391478229212, 0.11008735055480828, 0.6986690949166399, -0.14076930583112857, -0.684930783748096]
0.9789797939887575 [102.76139520193033, 0.10893017196733992, 0.9198302048884588, -0.13917257850006948, -0.6821775370395202]
0.9690308452317172 [100.34480515918712, 0.11122952116646026, 0.004274733647688185, -0.003625903370637823, -0.744552395249124]
