0.8381236780141048 [97.35680232861253, 0.13467347983643566, 0.9922201471217051, 1.0015145617052508, -0.10950679217589428]
0.8372324221877592 [96.11582257019128, 0.14099125376628907, 0.9908850948469448, 0.9984994942758008, -0.13960720829405204]
0.8330540035081537 [96.48510095797636, 0.13475524471490533, 1.3281105983651276, 0.9984992053011821, -0.1313248075977106]
0.832553418193515 [96.27847629259124, 0.13648270159687137, 1.3152471879084286, 1.0015025241606426, -0.15521628347172753]
0.8324794483799743 [96.115370477404, 0.13626742217088808, 1.3551043056020364, 0.998499691469883, -0.1366702418793056]
0.8323605742975634 [96.48699138707588, 0.13464117633924638, 0.6357086001493647, 1.0015025996669085, -0.1365471022857831]
0.8321164031624875 [95.81990991345992, 0.13909577409267665, 1.308654535918419, 0.9984995275892572, -0.13643663936851363]
0.8319159696181689 [96.52737120865987, 0.13471365910221034, 1.3663699882213283, 1.0015047371018135, -0.15261408317083486]
0.8316470572416317 [96.6869861652193, 0.13446458589579957, 0.7123601238232177, 1.0051405710710524, -0.14390330862375536]
0.8315743561414516 [96.38889444311137, 0.1353693060277083, 0.6662282678239807, 1.0027647467532232, -0.15744614338266483]
0.8282057967603941 [96.05437270745942, 0.1344959525752058, 1.5391954804323893, 1.0015026772897406, -0.15685512997933404]
0.8263719672606914 [96.00303649070705, 0.13454486865269805, 1.5877577744946376, 1.0015017492089437, -0.1719561326300946]
0.8254026666699704 [95.86275522990118, 0.13565383787841165, 1.5513521199739841, 1.0015018687562218, -0.19073511451367092]
0.82319808619214 [96.0748497255039, 0.13283001751302334, 1.7084417773743157, 1.0015006282099939, -0.1780767396037835]
