0.9078403762771404 [93.8120655928102, 0.1624787145177262, 0.9962677445785569, 0.9984586749746062, -0.2107763766209511]
0.9076312298519956 [93.14711448095406, 0.16728729518978327, 1.0044583109041871, 1.0015782662006896, -0.21729705020150009]
0.9068541502216115 [93.19894732649396, 0.16465482740369897, 0.8945035889350719, 1.0015155596370091, -0.20296003818535224]
0.9064237210184178 [93.6194165248744, 0.16412601120364545, 0.998496098404068, 0.9961287640577554, -0.2495347389506281]
0.9063112676657525 [92.96546657982313, 0.16513313562433019, 0.834730607659595, 1.001524692792878, -0.20768043358917043]
0.9058612043148548 [93.21453768090815, 0.1629256685690323, 0.7889208431548367, 1.001502287528944, -0.21481776440920602]
0.9054340864607521 [93.14999497610663, 0.16214165669663827, 0.7378971842111415, 1.0015218869290332, -0.22377228029313345]
0.9050619552251714 [93.04531898037061, 0.16228419006847639, 0.6987121200606949, 0.9984818259477434, -0.2203933690420562]
0.9043770714272142 [92.92606440297956, 0.16189744940851317, 0.6414103430972848, 1.001520914096722, -0.2138317163423687]
0.9033083553595523 [92.42626587334541, 0.16437116466514679, 0.5897579242349684, 0.9984918756134795, -0.18924761526657835]
0.9023681200401411 [92.52495192041323, 0.16109714757203403, 0.4513557469090035, 1.0015118715944125, -0.23032438658941717]
0.8969429006513996 [91.88533391271915, 0.1584091204720868, 0.040604316909900684, 0.9984970701525273, -0.21683392304256346]
0.8963349102306924 [91.82811844645533, 0.15548453732880288, 2.1862728430044354, 0.9984999639658501, -0.25395245975908615]
0.8764659051754227 [96.96678786910931, 0.13957937134612458, 0.853313466456766, 1.0005934121117823, -0.20596277393246815]
