0.8408251143301433 [97.66166171869898, 0.13620218482026455, 0.9559230733474013, 1.0015003572789634, -0.11804303431663134]
0.8404553607961306 [97.62017120772518, 0.13617961126268688, 0.9302409054155413, 1.0015000235945282, -0.12267746050234576]
0.8398139977203365 [97.34620885043603, 0.13731007977224657, 1.0842186635534583, 1.001502214766374, -0.14290444571635086]
0.8393175354122514 [97.71824274109287, 0.13524581315459633, 1.1258428913222804, 0.9984995320528913, -0.1456556654357782]
0.8389551676015778 [97.6492589685427, 0.13516377753357972, 0.8512307114249689, 0.9984995783946093, -0.12009300316832908]
0.8384540400815479 [97.57135652906672, 0.1351419737504972, 0.8222097829675553, 0.9984993629329477, -0.12132455832636205]
0.8364989505325049 [97.06402290562006, 0.13701616737279032, 0.7759225552519207, 0.9967059687411635, -0.12992367842387467]
0.8313878150787551 [96.68775724422687, 0.1352213758476103, 0.478762741858306, 1.0015001769718244, -0.1524312891217954]
0.82202687464107 [96.72051575631349, 0.14310554836765482, 1.0015010937374687, 0.9984999781451096, -0.2413538995148638]
0.8198654015457777 [96.67684781652449, 0.12987670231049012, -1.602263491941324e-05, 1.003278983566716, -0.17931116958619567]
0.8190613957262243 [96.14119594236135, 0.13206097736275932, -9.909956679040905e-05, 0.9960232918274137, -0.19138329898483675]
0.8187359005924705 [96.13379181584037, 0.1321160745382178, 2.0000702988704946, 1.0015018001761633, -0.21185590716358016]
0.8154630258307061 [95.78751004152141, 0.13227055991402636, -0.13441044379539369, 1.0015008972928494, -0.20951448873689588]
0.8005518758267558 [102.16924762589807, 0.11845972877985404, 1.0976350790413898, 0.9984998638928677, -0.3409028428955405]
