0.8981449705526123 [83.40541619141462, 0.2007533370954187, -0.9984652796719251, 0.3943928985205642, -0.33448498803043725]
0.8950370811949657 [87.03678034677162, 0.18830028446972724, 0.13886343212944824, 0.22776903945072088, -0.42421246499289933]
0.8950264983994615 [88.04162542489289, 0.18313195436487423, 0.3438547899205448, 0.19040970821618503, -0.460349942237246]
0.8950255289647463 [87.93551921241279, 0.1838558915772555, 0.3264399302063675, 0.1956813424288786, -0.4540296666054475]
0.8950241634673067 [87.35176804668582, 0.18653903387449297, 0.2051926572244668, 0.21271593745635273, -0.4388859928643019]
0.8950241117153296 [87.24537728789873, 0.18693089045733444, 0.1813371338883778, 0.21450227721436016, -0.43782118662164776]
0.895022463535182 [87.51342555081119, 0.1859393967645584, 0.23942030440910322, 0.21078004400908923, -0.4399621695776913]
0.8950217169723377 [87.23383708786304, 0.18749461575054477, 0.18047203465304135, 0.22480767294543966, -0.426105221467044]
0.8950214782118541 [87.92525227932747, 0.18403047727569327, 0.3228713554912684, 0.20096212378206857, -0.448569687391928]
0.8950214506864322 [87.55063991505241, 0.18552547490384355, 0.2460534730725176, 0.20525159899282996, -0.4461765926434553]
0.8950186569298706 [87.69285663604377, 0.1851823201321438, 0.2760051917488273, 0.20835644194486053, -0.4411118666149948]
0.894974704681547 [88.08712195689107, 0.1838657767361216, 0.357788817446696, 0.20883723753670513, -0.4373231064062867]
0.8949500904811872 [89.31785664396942, 0.1780908970887441, 0.6005088081829912, 0.17640540154787454, -0.4696882910855059]
0.8947856220110124 [89.98284144702575, 0.1757719413247694, 0.7408201577269484, 0.17248660605641997, -0.4720050701692832]
