0.9061077706332699 [94.22496025348312, 0.14844694817379336, 0.39480290594088635, 0.5612706527233794, -0.33857223636535116]
0.9059348767856555 [94.37540734132607, 0.14835534927681152, 0.44757014274832296, 0.5617672953250621, -0.33813008707914893]
0.9058798742174295 [94.78502131698986, 0.1465735030982449, 0.497615873002165, 0.5577746975092754, -0.3375246547108341]
0.905851944622851 [96.33124769436898, 0.14288791539971257, 0.8732555995802865, 0.5493503053191995, -0.32676638919635026]
0.9057551869304883 [96.15057957809083, 0.1429014818484911, 0.8021598484714805, 0.5498282902096605, -0.3305788850144665]
0.9057410582233374 [95.31926511513095, 0.14478648125951563, 0.5964167814111971, 0.5542779588429421, -0.3356241722964124]
0.905728068313185 [95.40030273359986, 0.14451063918440277, 0.6078705377823528, 0.5546059245834936, -0.3351098872480943]
0.9057134725264836 [95.22068213921001, 0.14440963378616664, 0.5382241550982212, 0.5516080945083686, -0.3397480061955332]
0.9057134457834498 [95.27971581306369, 0.14539180719734257, 0.6204575460051764, 0.5548885457777399, -0.3323688343602714]
0.9057037686137106 [95.94100494917896, 0.1433088715406371, 0.7518924167330192, 0.5505074111106594, -0.3325767283422968]
0.9056995387707036 [95.57303632696355, 0.1441189438871875, 0.6505917197469269, 0.5529753930903334, -0.33446931403261054]
0.9056938473752737 [95.73507034280118, 0.14404866408791017, 0.7136251419752921, 0.5523003137027986, -0.33220005897240523]
0.905690718022182 [95.64650034107729, 0.14422238014079833, 0.691028100239999, 0.5528790807460509, -0.3319311651839194]
0.9056855275500519 [95.84196934223135, 0.14334944170226283, 0.7066689533066237, 0.5513278907924402, -0.3337228284150565]
