0.9264269762999625 [94.91466262051914, 0.14793735873320246, 0.020896895111786058, 0.7235749616239204, -0.3519299354954987]
0.9263579903366354 [94.99597704176038, 0.14788795761302437, 0.05135872851422436, 0.7245749438352108, -0.3515166086280721]
0.9261279263651157 [95.54831571990445, 0.14618301345325993, 0.15492976070558107, 0.7190604965819507, -0.3474950297515385]
0.9261022594356239 [95.5798822747156, 0.14615403370913874, 0.16551594450395715, 0.7184700131282491, -0.34791010331593875]
0.926101153895219 [95.60803067844228, 0.14604237749162458, 0.16567852335231492, 0.719322159602189, -0.34977519897708004]
0.9260960248114704 [95.65659467747159, 0.14579054788017196, 0.16833082340095556, 0.7190405339201322, -0.34835385242029343]
0.9260621243905933 [95.69870767683233, 0.1457427407321497, 0.18344861870600854, 0.7179666716989999, -0.34856184452373395]
0.926006272383186 [95.78520444654382, 0.14557450236308697, 0.205266244659071, 0.7170257854067676, -0.3491965809975473]
0.9260016183761163 [95.86034695435677, 0.1451977165868489, 0.20829110423417302, 0.7172233668638672, -0.3474849791603353]
0.9259704051169689 [95.84640214168792, 0.14544288053057847, 0.21998804756577817, 0.7163811915396383, -0.3473315443435365]
0.9259209358198066 [95.98458607372508, 0.14490670608919154, 0.23923899305277302, 0.7164348717057952, -0.3470461472865708]
0.9259177893939928 [96.03477787395273, 0.144680389815925, 0.24317103017777328, 0.7154082458302056, -0.34800930212936365]
0.9258151205908288 [96.1221268359063, 0.14478802754099376, 0.28184697625749033, 0.7169580874163834, -0.34923729375789103]
0.9257784771139593 [96.30352714356408, 0.14392996628342636, 0.2975757889336169, 0.7126593526278799, -0.3443151267746105]
