0.9248885807357948 [94.51615163248479, 0.14842103297307369, 0.12858408244582756, 0.7219255524556631, -0.3544787503447515]
0.92454052053154 [95.67919111331801, 0.1445619020865802, 0.32538964480579213, 0.7139517109546739, -0.3549438773829895]
0.92448214977017 [95.5951511252559, 0.14536800744892286, 0.3513480613626249, 0.713848056935531, -0.35093105097888655]
0.92434775285768 [95.95953825955648, 0.14444916785820022, 0.42651107896385054, 0.7122295901239806, -0.3545488836472226]
0.9243421008265695 [96.17577915743186, 0.14293021786419735, 0.41401432027319085, 0.7103075118940547, -0.3590152634953253]
0.9243040041363298 [95.98152539720255, 0.14461592188785136, 0.4498356882921667, 0.7133781767693264, -0.35288473099580214]
0.9243006802898117 [96.2834786118867, 0.142592868975512, 0.43839147133606926, 0.7081336286711447, -0.356090342124604]
0.9242877803957255 [96.23770460118398, 0.14328395310965059, 0.45984951605673874, 0.7106676234374044, -0.35222885161323664]
0.924264436745178 [96.12843046584379, 0.1437798093157507, 0.46118229995060944, 0.7081788230187391, -0.3489014289759594]
0.9242292849935453 [96.47671559783112, 0.14140420520314995, 0.4237291881821927, 0.7051914490356572, -0.3572726820993374]
0.9242270526581297 [96.30316558463633, 0.14332058008636228, 0.49342858723792077, 0.7081135455913649, -0.35212377612529405]
0.9241643431805409 [96.38104911737202, 0.14357429276866773, 0.5367111542802756, 0.7096637877370987, -0.3514935223778405]
0.9240862770253414 [96.69671715224521, 0.14229813538819702, 0.5693880760935052, 0.7071295325541317, -0.3542359399598211]
0.923777646004669 [97.22574818633828, 0.13969226153819927, 0.6182136192092993, 0.698985293754827, -0.34044011410297226]
