0.9947916379814946 [99.32672520172653, 0.34726746807913234, 0.9975229934530445, 0.2595689864650376, -0.8418111223320466]
0.9947781516718975 [98.90174896943974, 0.3530763770656069, 1.0449833593934266, 0.2785509458173174, -0.8322108505943293]
0.9947761021859435 [98.81979670763475, 0.3536667373107011, 1.052937756919264, 0.2656521176625375, -0.8365002091834759]
0.99476572593769 [99.4051422697132, 0.34615577678040155, 0.998406561987419, 0.28282175145610455, -0.8358288846774737]
0.9947508259180929 [99.15602442273298, 0.35580975488245287, 0.9976004374155283, 0.2893575049333594, -0.8162719640545872]
0.9945154045808029 [96.69416007016133, 0.3749638692036583, 0.7148165953673864, 0.34590416519316275, -0.8151051408120644]
0.9945089593894648 [98.89423600265027, 0.37103071575500424, 1.0033602593962043, 0.3352979291273209, -0.7722849085816803]
0.994451066992213 [98.76909967402011, 0.3745977033789778, 0.9906359128451228, 0.31886736469290883, -0.7662200920340558]
0.9943182919895017 [98.715097015568, 0.37691648843300096, 0.9845343657783678, 0.3651967771398214, -0.7524229042316515]
0.9941678861442639 [95.45405757636286, 0.39394081315577795, 0.5930073214075505, 0.4073215760553208, -0.7869505684929164]
0.9937809395625327 [97.94908671959605, 0.39458944048548195, 0.9123656468853674, 0.43573237611936894, -0.7096329931223416]
0.9936297747608576 [94.17865517538324, 0.4095543249880821, 0.4589585275901447, 0.4808566405839565, -0.7630895538372757]
0.9933791552669862 [98.57176549906168, 0.3982449125155475, 1.0034301940922656, 0.447994655672993, -0.6810970360024069]
0.9931980719697675 [98.36318958036, 0.4031815942811964, 1.0233650002569257, 0.46511270764170454, -0.6705787251400255]
