0.984049203999714 [96.3969792403827, 0.41645429476048634, 0.7208536335290874, 1.094928877843414, -0.692615133645619]
0.9840440888666028 [96.3507632851447, 0.4158965222785197, 0.7149862068972832, 1.0989758378749501, -0.6981680613806776]
0.984040542731358 [96.08341083844239, 0.41956237116770134, 0.6839801798661063, 1.0803385041747, -0.6882506630627543]
0.9840343452357372 [97.23273056236766, 0.4109159936170125, 0.8152740697210867, 0.9007068139570815, -0.6781112247024097]
0.9840322164173415 [95.84624599608203, 0.42091878439581654, 0.657033951639227, 1.0795421235125624, -0.6930279571199385]
0.9840253737805414 [96.99044196420891, 0.41557875486150575, 0.7895068708236516, 1.0819508580633828, -0.6669966483275399]
0.9840086744228591 [97.12223733604941, 0.4151219743931883, 0.8039190717345661, 1.0794553511205347, -0.661544063749261]
0.9839878718208143 [97.25161917240604, 0.4148378831480457, 0.8193668877192919, 1.0774546953581756, -0.6569732442506948]
0.9839524721824164 [98.1518347492059, 0.4060523476192299, 0.9259545968832115, 1.1169642644973206, -0.6714315839296903]
0.9838640222422227 [96.4758421417353, 0.42148254587944756, 0.7266742513163027, 1.0450930851390248, -0.6473807022824427]
0.9838616243331603 [94.77721515457492, 0.43296327419854597, 0.5356732191234705, 0.9631917975492651, -0.6780252874247628]
0.9837860432093665 [98.77018838348823, 0.40587515438272204, 0.9935338239369276, 1.0867404386434139, -0.630917086107865]
0.9837516518386182 [98.77143856301632, 0.4083375735598016, 1.0016260146087865, 0.9153610437643482, -0.6336182566612636]
0.9833913665107634 [98.88208879221469, 0.4128440506652312, 0.9984801557537051, 0.9515874582679232, -0.5923419304675915]
