0.9993067639697782 [100.21961898242293, 0.34285044675506243, 1.16527884247594, 0.005233559664713939, -0.7818296013063133]
0.999278872919646 [100.21748166620215, 0.34518608524563754, 0.8434978820177286, 0.011012523498719005, -0.7757747859949903]
0.9992786303188013 [100.276652764962, 0.3446271442556965, 0.8496521351430217, 0.012788332410151575, -0.775746884571758]
0.9991493161775316 [100.2975180713326, 0.3506516158269789, 0.873215927070554, 0.021667893782585976, -0.759160331492801]
0.9991492870860202 [100.31281317172918, 0.35058684797010004, 0.8749041038971621, 0.0209193414383926, -0.7590497683781138]
0.9990681566620864 [99.94384959622474, 0.35546955095218524, 1.161002753113355, 0.060779177137969494, -0.7529026759560804]
0.9990376865549467 [100.37033912841346, 0.35411416211516933, 0.8941467894845719, 0.03095208929321597, -0.7481057192758755]
0.9990165778252885 [101.0868764999058, 0.3479777020187633, 1.0294321804782087, 0.025059395286236665, -0.7467108031158981]
0.9990012391930372 [101.31791629971211, 0.34596108272585313, 0.9954718972620018, 0.02896553921750732, -0.7467147099313333]
0.9989234299941995 [101.19475140973935, 0.33466073384037076, 0.9370204703676914, 0.1182546285720041, -0.771213001491611]
0.9986717231867165 [97.37132367272093, 0.35824719209454436, 0.5062074676864543, 0.12832515865475813, -0.800987440058929]
0.9985056391548948 [100.37273962791237, 0.3428160611907667, 0.8493243367086443, 0.17864358375000877, -0.7588058791438538]
0.9984610458558428 [99.21370270028498, 0.3691252007236231, 0.7826846414356048, 0.16162238085821318, -0.7256173369116696]
0.9980591891644371 [100.09875842573723, 0.36420274298561806, 0.8729198316984026, 0.20879720633737936, -0.7037950777163301]
