0.9667964576778417 [94.75713872680743, 0.3069114025957548, 2.1525608703864174, 0.8172327175951096, -1.1441930396748863]
0.9666013098904862 [94.39147146169431, 0.31701676240474796, -0.12306185623259987, 0.8337647487175881, -1.1294229477218412]
0.9660033920088654 [97.73568435658086, 0.30340966141048725, 0.3105504813646036, 0.7932182882330713, -1.10515720169039]
0.9637470508268408 [99.71456291839573, 0.39530764361369825, 1.001915591358593, 0.9984986271747371, -0.7459216543224829]
0.963027908643244 [97.6594154291468, 0.40248560038865966, 0.742477913928832, 1.0015327395110023, -0.8086425669788285]
0.9628721551041225 [97.31901681776043, 0.40327477165978814, 0.7019173579219499, 1.0015113357013554, -0.8118177198443618]
0.9627650520753757 [97.38852212047661, 0.4010632979646185, 0.7172349529721318, 0.9912205674744281, -0.8197193750514223]
0.9626060008364344 [97.11788929926973, 0.3940597444899702, 0.6610377082308672, 1.0015261900682182, -0.8277267748854205]
0.9624900355739159 [98.31637152293169, 0.39415286825741946, 0.8088207379146803, 1.027813882619251, -0.8227958406802254]
0.9619290839264129 [96.11867891009196, 0.39979123578385234, 0.5396258025183885, 1.0158187440587922, -0.8703512142490217]
0.9618447438286172 [96.06709354373537, 0.3794188010669075, 0.4946160161089609, 0.9351824564467707, -0.9338302784165236]
0.9617415174996671 [98.81023146200778, 0.36566482702738723, 0.8248964069183446, 0.9024501031599609, -0.9032533089676515]
0.9617269373054583 [95.47971202043041, 0.4002992925601258, 0.4620597493600876, 0.9896524886857709, -0.8794707952337801]
0.9608679974536478 [92.74170450414503, 0.39623860582995657, 0.0691147165871481, 0.9790676281211508, -0.9813752180182589]
