0.9660847296454109 [96.7620977764957, 0.3037326120552528, -0.10086609905783833, 0.8045689136703325, -1.1115673881940342]
0.9659830192115262 [89.57530024887926, 0.33958968943970147, -1.0054710562233977, 1.11555895133533, -1.1653858312357308]
0.9646734856720732 [100.10154257964149, 0.2926485637658644, 0.36251911706083084, 1.2144830981488473, -1.0749633247112405]
0.9617383844172641 [101.12219144034121, 0.3940699518589408, 0.9224817300183689, 1.0017525716221267, -0.7248880421788769]
0.9609742870531902 [99.91915605559255, 0.4012604182196259, 0.7748936313936996, 1.001560191329455, -0.7548656522733976]
0.9609193712020908 [99.86136985040814, 0.39991639961999537, 0.7600356919647682, 1.0015453805841412, -0.7479578698283784]
0.9608125172802514 [99.2893853500922, 0.4004465617116256, 0.7152201601805177, 1.0015536296503755, -0.7691482250865787]
0.9606090756460263 [99.05571524419057, 0.39779018379459774, 0.6736699220630875, 1.001503094493243, -0.7788613085412454]
0.9605925663273962 [91.21155699501688, 0.3959164007402236, -0.37248231103421026, 1.0052245752933269, -1.0223938528261387]
0.9603889767965101 [98.61320653811323, 0.3984602610737115, 0.6291526888208179, 1.0015151301524479, -0.7903702826753791]
0.9598778969269542 [97.76336634506633, 0.39883965907248004, 0.518199709833132, 0.9978586590269756, -0.8151652619342837]
0.9593843099324375 [97.2189088791713, 0.3869408948226253, 0.42711158886647527, 0.9667352496333893, -0.8742368481356741]
0.9591644194506821 [96.01397174811058, 0.39779558064419085, 0.2894507684554907, 1.0032798305676232, -0.8740584219677963]
0.9413412950393342 [92.24586776759436, 0.5056823362951959, 0.11364641791595079, 0.9984943373484914, -0.8126309628878332]
