0.9838929040033962 [97.138024519385, 0.4225905927204324, 0.5857529495273347, 1.0382985739047297, -0.626762673968343]
0.9838838849825515 [97.35062565418477, 0.42137200529589125, 0.6088796797288685, 0.9616314617452929, -0.6217374480534175]
0.9838805964903946 [97.64937321388264, 0.4190580065882757, 0.6419086861599262, 0.9540139097662119, -0.6211190707402234]
0.9838506965948155 [97.80923091906817, 0.41905648493963277, 0.6606257512955056, 0.9601370608392197, -0.6121503589386971]
0.9838055917676322 [94.71597232396294, 0.4382930141989991, 0.3214492566892579, 1.0060691535040296, -0.6599078449029518]
0.9837974100418047 [95.63182431175784, 0.4294454459882548, 0.41978800923706405, 1.0420717757118094, -0.668461533554911]
0.9837960267437811 [98.25248638286399, 0.4167370748976341, 0.7102700460574372, 1.0407392523764456, -0.6022053881290217]
0.983783386453806 [99.01316659846734, 0.411807299477836, 0.7955571991356329, 0.9366423471534946, -0.6031150643665137]
0.9837727987961307 [94.40123750273648, 0.4408206636829694, 0.28740873230930053, 1.0018720499193856, -0.6644324562832071]
0.9837588050694795 [94.3416528691431, 0.4398157973865141, 0.2774711151713066, 0.9981987916412651, -0.663845614825443]
0.9836824263555932 [94.88032233528594, 0.42975979905319694, 0.3226013875206386, 1.0015040706724434, -0.6506091198738735]
0.9836797065407354 [99.84628556369339, 0.40498797533385306, 1.1073684795361722, 1.0892858457037309, -0.6096007582546457]
0.9836226009336553 [99.39974151043671, 0.4104256129471334, 0.8398107089186491, 1.04842007389247, -0.5822813724533711]
0.9836121833110155 [94.96308868000152, 0.4313841636053056, 0.34672089713810783, 1.0526807640009213, -0.6948409960609248]
