0.9877675690592707 [94.10954028611683, 0.4396696706785395, 0.27342742475998094, 1.159274052006423, -0.6906412823964773]
0.9877630909081386 [94.04206966379925, 0.4389609316054618, 0.26463961849573187, 0.8362149415545774, -0.6960899298424028]
0.9877260381875123 [94.72070919976267, 0.44230053376416034, 0.34767212234668965, 0.8606315371642286, -0.6568623344024549]
0.9877196172598424 [93.97341560802903, 0.43342534739623484, 0.24758947350578445, 0.8136681807466486, -0.7178607641297359]
0.9877074618873221 [94.88493229158894, 0.4412628898095514, 0.36560055374403244, 0.8616418754146551, -0.6527538832181191]
0.9876809228931152 [95.42693804494306, 0.4371514755978011, 0.42135690159287054, 0.8541155334710137, -0.6457937810332317]
0.9876795651035146 [91.27975039269909, 0.47301861759213704, -2.2577882418160654e-05, 1.0743162319608164, -0.6905521757894422]
0.987666160505182 [93.98363650833252, 0.42816600929813725, 0.23966084995768436, 0.795088733439716, -0.7349526469878198]
0.9876648430325685 [91.30302949144907, 0.4734276369725742, -2.950698069002853e-06, 0.93240481137237, -0.6839533118551859]
0.9876564607248579 [95.20818281653834, 0.43995035990063114, 0.40029045732877455, 0.8650655022437137, -0.6421800364957607]
0.9876236142632787 [94.05355404140147, 0.42389645601168, 0.2399636480920419, 0.7813353700642813, -0.74619885838682]
0.9876098291676125 [96.75717513072026, 0.4259105126798458, 0.5598463669054026, 0.8275383539516532, -0.6380967353228482]
0.9875688408114749 [96.52856292593495, 0.43126849049096905, 0.5425143718721418, 0.8424357833883209, -0.6283170952573004]
0.9873957362635564 [98.62414530466509, 0.3994713626021835, 0.7470106081399915, 0.7511154948757408, -0.6701915238884453]
