0.9998509459301539 [99.86936008586291, 0.33603427930171026, 0.9970182531038485, 0.006913570349927244, -0.7855639783133788]
0.999834504966556 [99.62244328645286, 0.33353096592311426, 0.953603148603751, 0.028026518540491145, -0.7985913991602552]
0.9996823363359757 [99.91324596277023, 0.3345914974867995, 1.0038500641938022, 0.07259008909214149, -0.7875882097643555]
0.9996813172349724 [99.88541879779032, 0.33562661155665974, 0.9984765428654575, 0.07472321632117662, -0.7826172639197075]
0.9996810639232964 [99.40103373681877, 0.3520190228788922, 1.0136502053621474, 0.018588835701039468, -0.7530019194618189]
0.9996714195299229 [99.82275054307654, 0.3369789216352292, 1.001500734668316, 0.07184169346726196, -0.7770762552826096]
0.9996276502285198 [98.77522589578516, 0.3473006658692709, 1.1169531498967395, 0.07716169781298308, -0.777491395716869]
0.9996210947790802 [99.26565103075582, 0.34264557273269974, 0.9346443741958005, 0.08492988367840068, -0.776829399899016]
0.9996056839966786 [99.50152330820296, 0.35232747043494694, 1.001515898007778, 0.052210791709977, -0.7461045283635259]
0.9995714459855622 [99.52080318065262, 0.3438459246598506, 0.9758760640462374, 0.09089727551610091, -0.7668578113841055]
0.9994724158268302 [99.3527003820558, 0.33861322893703905, 0.9307905313793314, 0.10843407874563063, -0.7830609899382459]
0.9994080171771769 [99.60350720510976, 0.3444134801778876, 0.9984846713601647, 0.10255958244559017, -0.7596418760742641]
0.9990659014972247 [99.40104761196065, 0.33854794883253975, 0.9294353639879116, 0.1503088711899351, -0.7747381140074849]
0.9968710521992147 [98.75648483052261, 0.415467999023552, 1.0015110826252869, 0.15731854955919944, -0.6009704146595845]
