0.9998607713555655 [99.5733644594952, 0.33438246239911706, 0.20417779942804148, -0.007500782272526532, -0.797999686191373]
0.9998301567151505 [99.66644981396406, 0.34122328695820614, 0.2493538033649027, -5.823614873224914e-07, -0.7759179752945573]
0.9998203403055299 [99.86522194187995, 0.3411069508324843, 0.2755844340902076, 0.0017537341758017588, -0.7746609738062837]
0.9998116576362134 [99.93313738367688, 0.3412704563555392, 0.2841235335943929, -2.515106517803701e-07, -0.7698129799795597]
0.9997886040363869 [99.16708090554704, 0.3461543018982913, 0.204114062541101, -1.975556433257672e-05, -0.7721906930780092]
0.9997351691654451 [100.68707908008611, 0.33764683103259485, 0.3682218263983858, 0.021372554721041718, -0.7662383980994598]
0.9996422439886568 [100.59912442417547, 0.33232055477589767, 0.32768359564914207, 0.07017197195829092, -0.7770101116351447]
0.9996396577906072 [98.36735964947911, 0.34716964062548694, 0.1077817585944522, 0.0459178239238888, -0.7909686214924776]
0.9995949465134869 [100.02088455664116, 0.34302295035366454, 0.30174597024614425, 0.08030750223046161, -0.7628513717822495]
0.9995833170498124 [98.12825390946611, 0.33979104518196435, 0.039686317990058124, 0.03369103476551439, -0.814835583768455]
0.999541518046052 [99.03517514704376, 0.3610544900654489, 0.2560073077926067, 0.04782317095061412, -0.7451136655240436]
0.9993695854847423 [99.39213264194609, 0.343737237876107, 0.220016513439806, 0.11444866610383433, -0.7699129407505618]
0.9991657960390289 [98.73028436739031, 0.35825670818152056, 0.19490233537271978, 0.1356214126979191, -0.7472348316657291]
0.9985832058242693 [99.30079821815752, 0.38734830037170886, 0.3822647060159643, 0.0955406342437307, -0.6799837541949729]
