0.9994262095128027 [100.81118253454844, 0.3265748724111123, 0.08964088998256116, -0.017706798658102908, -0.8125039848397508]
0.9994258009693289 [99.75129540638358, 0.3356391085976198, 0.00040459331274941574, -0.022582309467919476, -0.8117702574712959]
0.9993543571185332 [99.72411778552004, 0.3453483822767962, 0.046715593055397964, -0.01553377039997066, -0.7894124413108453]
0.9993475571525264 [98.95924898594086, 0.34332105873315055, -0.060930918071842255, -0.01457970853608489, -0.8101096200446973]
0.9993078377049532 [99.40194269673097, 0.350212990768491, 0.029298814518104663, -0.011094347268810104, -0.7851813481610396]
0.9991231846585472 [98.71434379072537, 0.36295075532138593, 0.0019384751582563597, -0.009509411451168034, -0.7713877231919684]
0.9989218393164772 [98.42818385669429, 0.37291101902571333, 0.009978164315992003, -0.0033404998207404524, -0.7569060172538407]
0.9989174052289151 [98.3974458564856, 0.3731802784016416, 0.007144308546241394, 0.002935969918003177, -0.7567382836368488]
0.9984713633424653 [97.96251332511859, 0.38960971990986615, 0.017327566753048855, 0.08059492316816999, -0.731520352537177]
0.9984311603032882 [97.51550318385442, 0.3890657851222199, -0.037303966542570774, 0.1033923257661371, -0.7411451782617744]
0.9982319653829497 [97.22878372679395, 0.3840100416010314, -0.09886516615417033, 0.17077448334832093, -0.7465647418002888]
0.9973805377302708 [97.31096407138537, 0.42055820793050236, 0.04096710775549088, 0.1755649867808008, -0.6817825311863865]
0.9972802316505802 [97.19185189620092, 0.41473710559250043, -0.0036263269843836896, 0.24837408136952122, -0.6793374298479034]
0.9967319649706194 [97.01623106317419, 0.43144637868754665, 0.031433825378479746, 0.2596056026848682, -0.656891109989263]
