0.9979614462635061 [100.81388256922168, 0.3222306169056201, 0.34005718254226847, -0.07764321907957888, -0.8572553390270788]
0.9978488193876325 [100.8220459206188, 0.3374935849048737, 0.4196933435551647, -0.04059450477357992, -0.8197548166195092]
0.9978090960367573 [100.77167621997253, 0.30860040786680454, 0.2558080657735201, -0.07912759977170891, -0.8963728174208521]
0.9977885041543416 [102.12430009598972, 0.3216256298193454, 0.5178764661857767, 1.3713043726931902e-05, -0.8282500882267209]
0.9975823302529412 [99.74694847248783, 0.3088802148886863, 0.11083848055575363, -0.08772600355541577, -0.9162642538572183]
0.9970534276738936 [99.99969372213884, 0.3586836389678236, 0.3812377864723786, 0.23598072661513966, -0.7566387233331444]
0.9967844290204849 [98.60352809086542, 0.36302827718136893, 0.22243084286283957, 0.2637723187402957, -0.77062894774688]
0.9966962041825274 [97.74810413235267, 0.3895151801461112, 0.2136443404265383, 0.26557557438023377, -0.7365762418036599]
0.9965292262722154 [97.74856114145831, 0.39879513694394547, 0.24819184923970872, 0.270314233195754, -0.7182521446320835]
0.9963913890578066 [97.33288426188852, 0.3975102197741367, 0.17939802324082366, 0.31212834914176935, -0.7195565928087706]
0.9963043180036001 [97.54106219216007, 0.4051391839829237, 0.236615770132094, 0.30721450190413047, -0.7023759909486491]
0.9959722297331235 [99.97601778004045, 0.3977762696529125, 0.5003562424420582, 0.312095256996801, -0.6581489417731202]
0.9958563243378342 [96.11710777523017, 0.4288100760800807, 0.13710668814281346, 0.31924553029564534, -0.693580969005813]
0.995542059063816 [96.68525802868362, 0.4302311807227893, 0.20014969442775624, 0.3742412037542243, -0.6633729545236233]
