0.9644321420592458 [100.60066476097718, 0.27684576125399063, 0.04427706578699355, 0.7603710239569964, -1.0989432769743588]
0.964426971763245 [100.5252902445921, 0.27949595435012475, 0.0509990344418101, 0.7628343345220436, -1.0957272475739495]
0.964279235026966 [100.411218592092, 0.2847672616773972, 0.08418855524261337, 0.7731081315766901, -1.0840126498260096]
0.9641670832665287 [100.98439557022087, 0.278129110110234, 0.11566876677103784, 0.7610028859312153, -1.0925114739109831]
0.9633469984306047 [102.1810730684457, 0.2763194899575554, 0.3026533412626063, 1.2423176114190868, -1.072490076533764]
0.9631467117401744 [102.76295129322287, 0.2712675359460833, 0.34638936032795964, 1.2484706254962217, -1.0758055335623]
0.9631155993768843 [102.12562253808616, 0.28053463923034044, 0.3357706472436941, 0.7590000754911586, -1.069634190339389]
0.9585815377685203 [94.85393217476643, 0.38242009400513, -0.15023004643258547, 1.0258543712219201, -0.9537050401757177]
0.9585645595748565 [98.96409671890234, 0.35027966196506477, 0.2555807063318747, 0.9204639217845667, -0.9259257086594506]
0.9584840652013575 [96.38931589797429, 0.377391736900218, 0.06917237080906585, 0.9985010009043712, -0.965575305952479]
0.958092461019866 [99.40399674215202, 0.39508820347692236, 0.47522210807447146, 0.9984571852091221, -0.7851022497035034]
0.9576775223015187 [98.57019250105145, 0.3941959868575625, 0.36299995892010606, 0.9982562559721595, -0.8093155875214075]
0.9573790243506148 [96.84684432491372, 0.3892644112167729, 0.13216815682214417, 1.013011210288815, -0.8748064269886631]
0.9207963343153228 [103.18518060398863, 0.2841569139601191, 0.2286706139176432, 1.0015011390405515, -0.6112333768176141]
