0.9978911329186452 [99.50253309230851, 0.34232693375603496, 0.9984891433403762, 0.030968972342845708, -0.837197675100428]
0.9978805288531465 [99.66648859117623, 0.3342337442744615, 0.9898525726800832, -5.497882586646445e-05, -0.8573517019217287]
0.9978563088960068 [99.35569564852847, 0.34708647735022713, 1.006445440125342, 0.05549106190411057, -0.826834546906102]
0.9978384248686881 [99.00107045432202, 0.34405914365879886, 1.0664421635731318, 0.05284476658112873, -0.8440867902862259]
0.9978109993232425 [98.98687914769702, 0.341016389251683, 1.0787965206969927, 0.07534035928221765, -0.8517905433483237]
0.9977710946019568 [99.26054312626282, 0.35249992248358386, 1.0038171566087246, 0.09508168445627008, -0.8106247683027177]
0.9977619542857945 [99.25896130771895, 0.3512588520510913, 0.993439862933416, 0.10744323073651027, -0.8127616343150779]
0.9971425550033789 [98.96800237548248, 0.36532444257104624, 1.0147401869291217, 0.23001578628186062, -0.7627093854999408]
0.9970755873515895 [98.81015618135393, 0.3748256767448115, 1.007005924490425, 0.20186261714758255, -0.7493017361432254]
0.9966286762726307 [98.63266700254036, 0.38497654713339485, 1.0052960006545606, 0.22688387499135337, -0.7238410042914339]
0.9957838815585958 [98.89112047530625, 0.3838893315813623, 1.0015682335423166, 0.3465337053044323, -0.6888595574231129]
0.9956760422540493 [98.05666636594438, 0.40048712316251667, 0.929611304035646, 0.3406037373226235, -0.6767316421601198]
0.995497331548809 [98.1557337572643, 0.4048710822871755, 0.9566740413479189, 0.3339936099711283, -0.669109276817496]
0.995112407306002 [96.90779207337798, 0.41448640630141187, 1.1908161006513847, 0.3897814400880538, -0.6620755550108376]
