0.9942755728831572 [99.8746762008123, 0.3719673055143897, 0.423646982147567, 0.35184399121428417, -0.743212835348169]
0.9941914169746717 [98.22604917831376, 0.38268754593823906, 0.2542961874868689, 0.3725009496709821, -0.7533721423749462]
0.9940867121258604 [99.42484123084171, 0.3891536000004767, 0.41768083772160347, 0.4014420960631587, -0.703581555236817]
0.9940649425954722 [97.52962073557984, 0.3972615677878577, 0.20984817147184648, 0.416122899068434, -0.7279244983789646]
0.9940373508627546 [97.59427873112517, 0.4000490393142103, 0.2265503222676021, 0.4252099854123248, -0.7182548091848004]
0.9940099228235582 [97.2497672807296, 0.3838912276184091, 0.140445301755725, 0.36072278286294684, -0.7772893925070925]
0.9939626085950838 [99.2701075640953, 0.3955887670254197, 0.4151775183603515, 0.4215303660730063, -0.688609640977867]
0.9939551530311248 [96.96865160557856, 0.40519271000388163, 0.16984688664835598, 0.43123471582988654, -0.721575518807936]
0.9938629189003163 [99.16431738158093, 0.40014798754145053, 0.4139602814160608, 0.4339445476556465, -0.6785487791636706]
0.9938629015236491 [99.18936105851668, 0.39978625146305224, 0.4156867366405048, 0.43412871527313557, -0.6782375696193637]
0.9938073679431849 [99.11536615528084, 0.40247409090012853, 0.4137783479052428, 0.44011005853469665, -0.6734765918393351]
0.9938073607301822 [99.1317112142936, 0.4021917899345612, 0.4149070891800435, 0.4402844814375382, -0.6734617827386129]
0.9937718413333291 [96.34056542228485, 0.4154262298470546, 0.1196801286407284, 0.46631954607115, -0.706865306703367]
0.9936867200369227 [99.04208276530062, 0.4068746032467084, 0.4151398875246839, 0.4526940932354786, -0.663215042316869]
