0.999416862372726 [100.17125789345053, 0.3332287233524446, 0.29141096317388737, -0.01811679269081152, -0.8095241109441351]
0.9993974706366561 [100.89572909250606, 0.32383500327673986, 0.3416732486936729, -0.008871987681334542, -0.81857410834277]
0.9993761354913723 [100.89868407719051, 0.33054892447760625, 0.3729904929665977, -0.00016703261485035388, -0.7994113404977172]
0.9992964613200225 [100.85473526225675, 0.3360448282914561, 0.3978592945279057, 0.027992045186508985, -0.7871950596009079]
0.9992838118205306 [99.82139276698763, 0.3490980294699484, 0.31807020796932717, 3.8216266612556774e-05, -0.7781554367633559]
0.9991901635423914 [100.10271258727893, 0.3517223561537684, 0.3659922433696323, 0.011826131276263946, -0.7651444948171595]
0.999088980350732 [98.8361908606644, 0.36339775900194815, 0.250583000189264, -2.6440556200535104e-07, -0.7618100571654882]
0.9990545660419934 [97.81502640608319, 0.33888103334700526, 0.006535904682807523, -0.01758165866266003, -0.8468992405595703]
0.9990397058936781 [99.20754022584586, 0.36433016616378877, 0.3021755964641002, -0.005075141988092441, -0.7560478883211631]
0.9989621055351124 [100.14348696268313, 0.3604792138490688, 0.4052767279181487, 0.03820270462998726, -0.7430407012929643]
0.9989620866052746 [100.12028389154301, 0.36067361982054436, 0.4032401340229261, 0.0384767499664891, -0.743311048338597]
0.9989372002045699 [100.3760667993898, 0.3567900151659509, 0.42115491780611347, 0.075175648743233, -0.7443417411762844]
0.9989141194672514 [98.7233995627098, 0.37073940046484866, 0.2662588328213298, -0.023625762636691985, -0.7527915271978083]
0.9987468944382845 [100.05404024076402, 0.3678913525813101, 0.4206611041643654, 0.0622843749092294, -0.7270899926975394]
