0.976691716946663 [100.63574167954258, 0.40321864303654753, 0.7851044090348641, 1.00151250592269, -0.618049386362955]
0.976541646064301 [101.0860502963781, 0.39789256134717066, 0.8220406044460948, 0.9897791710076018, -0.6214813576396511]
0.9763887861112134 [99.64673919358029, 0.40452350988565233, 0.672294682463092, 0.9984889889589927, -0.6446750991775976]
0.9763185586580129 [99.58521910806365, 0.40370403516687414, 0.6541531806581635, 1.0015357141912657, -0.6513845433662369]
0.9761426389488094 [101.06760810037318, 0.3945274015893362, 0.81311239723781, 0.977203665666388, -0.6355172720071747]
0.9759615674281669 [98.83630665452472, 0.40384889234278176, 0.5647516625981869, 1.0015003629731716, -0.6700773230026982]
0.9746224335598714 [103.36153537893108, 0.36767359503353614, 1.0015420454674135, 1.0148487582669918, -0.5418350678173001]
0.9743006713759144 [96.08565324777933, 0.41389908751447957, 0.2557845631123379, 1.001512684507954, -0.7374708321633227]
0.9742164400738867 [96.13443925813259, 0.4109315320615878, 0.2535193734121822, 1.0015037630826291, -0.7325457223447893]
0.9737598812385334 [95.38316020054256, 0.4154247444312325, 0.16372060676255817, 1.0015030141214947, -0.7599604838521793]
0.9729479546424914 [96.24135002453744, 0.37020074628937116, 0.1637453444071525, 0.8620761190472213, -0.8998056444816137]
0.972850624203021 [96.0330637040903, 0.3918271165776316, 0.17879603949770156, 1.03592621396837, -0.7941630157718047]
0.9727081199706042 [94.03179463910062, 0.41154841561579397, -3.6492830562877835e-05, 0.9606607613160751, -0.8390802278161713]
0.9635589704095485 [100.27169223223056, 0.3250531276379148, 0.3479370344878618, 1.0038472503157654, -0.6416310435887853]
