0.9906100649946096 [97.06891709104774, 0.40331134231308535, 0.16370182530266658, 0.5699173756798983, -0.7241798854910414]
0.9905994368860472 [98.00074991656442, 0.39860940531225697, 0.26316297925773924, 0.5635107714795642, -0.7119466147801412]
0.9905984030832 [96.69279458770616, 0.4103287668744111, 0.13730086675287162, 0.5879249370365667, -0.7142785207230302]
0.9905980181609696 [96.96637951067888, 0.4095586758805927, 0.16823190719415787, 0.5879611696149962, -0.7089199269780864]
0.990589884536841 [97.22723343171488, 0.409738572820296, 0.19936080009999518, 0.5883957031646396, -0.7024289751543601]
0.9905853800054091 [97.64855127730823, 0.40572865183184464, 0.23912957085034542, 0.5807226713247295, -0.7016931191503455]
0.99056249288709 [96.92217652639727, 0.4166765634936835, 0.18072586512484046, 0.6050977973280784, -0.6925572091984253]
0.990501275157911 [97.00317571140256, 0.4221772102915185, 0.20322560255450528, 0.620126515026447, -0.6765309136077831]
0.9904812521278292 [96.42775688512037, 0.43005317221379014, 0.15413821392512903, 0.6380179267755127, -0.6721220090006128]
0.9904788561889074 [96.04515156115262, 0.43422234447676994, 0.11919623455204947, 0.6461523580386643, -0.672502489978251]
0.9904512717617884 [95.73624970723229, 0.4398155720985144, 0.0958780605577057, 0.6588349155663442, -0.6674163770460142]
0.9904004745237018 [95.96997972889909, 0.44136144300769997, 0.12568293394082558, 0.666133634624002, -0.6567568781930297]
0.9902671769152512 [97.81723485487856, 0.425568024088708, 0.30339946014268493, 0.6389538689239538, -0.6438915372926436]
0.9900436435562249 [93.27433558804039, 0.49825417917351433, -0.06985938287281394, 0.8102922609757621, -0.6034484858242621]
