0.9711776486571082 [98.41471846121688, 0.4046544736556623, 0.047046580872301735, 0.9984954154981064, -0.7005928596468978]
0.9711245455570066 [98.3225138179645, 0.40441814555242306, 0.03707427132999605, 1.0015128229355965, -0.7015807766452937]
0.9709704141493642 [97.98391647609878, 0.4064510609369473, -0.000666492477956585, 1.0015228537348313, -0.7086002106742957]
0.9709472163881432 [98.00210139610653, 0.4072145007042874, 0.008198047981049941, 1.001502322130405, -0.7045154016651216]
0.9709429549891246 [97.93425500246315, 0.40588758194059743, -0.006464847687104699, 0.9984938908579657, -0.7105110893443012]
0.9709206454637479 [97.92621185024541, 0.40756249944091505, -0.0036040493147449703, 0.9984943897231555, -0.7153542309037277]
0.9709020133228717 [98.07974710673011, 0.4047512303686885, 0.003957774030408966, 1.0024148386925846, -0.7083180869583127]
0.9708339706208476 [97.86097925481081, 0.4085587997943358, -0.013521392127159831, 1.0015182031593093, -0.7166604686734989]
0.9707263965138874 [97.82082040356889, 0.4049983670693025, -0.020364916804241427, 1.0059277524954302, -0.7171420359650814]
0.9703781586401584 [98.22809014171598, 0.4002656621939574, 0.013399519566482117, 1.0216011927545852, -0.7261238053612572]
0.9687838372827076 [99.05651910728133, 0.35747272930756196, -0.005936160576279709, 0.8386703257980312, -0.8576220716536066]
0.9561741247598866 [101.79313861874627, 0.322059781809126, 0.021740251360810408, 0.9984952066165876, -0.5495130876447973]
0.9539475920600495 [102.159761502157, 0.31658020345810545, -0.002306838047934287, 0.9984687027792637, -0.5428572063715096]
0.9538522087378694 [102.13199079088227, 0.31548011031338297, 0.007347657934168692, 1.001502925595558, -0.5386259567589058]
