0.9907607750899228 [97.43491660304849, 0.3914928285982573, -0.0414076024024132, 0.5411200214941447, -0.7473067995913282]
0.9907566466804671 [97.36706993057035, 0.3983258120378712, -0.02596521807487677, 0.5560791373837971, -0.7322243219642404]
0.9907480763776473 [97.5211986123469, 0.39932298161060753, -0.00403844019691091, 0.5580799117738484, -0.7264824321277839]
0.9907276725991667 [97.99827052473702, 0.3871492975917535, 0.012540137708685017, 0.5323536621967, -0.745793994565112]
0.9907206437155406 [97.65301686066914, 0.3962695395809457, 0.0018248983968540602, 0.5512357006761788, -0.7311986107305324]
0.9907083115487787 [97.16040447534189, 0.409054987404015, -0.016810448327642884, 0.5787084743392208, -0.7115518006424648]
0.9906946390709099 [98.18077516944258, 0.37786141559077036, 0.0005323350628103462, 0.5125750313340262, -0.7656283600438372]
0.9906859754834255 [97.41243229834653, 0.4048716953712831, 0.0005890757371571597, 0.5692101970175238, -0.7161508472340414]
0.9906852455204062 [97.50545867241436, 0.40412368919920777, 0.009394898867667475, 0.5675683024550735, -0.715837641974022]
0.9906152284413018 [96.9682360089194, 0.42010194045424026, -0.007322479060568668, 0.6023963839347223, -0.6908740186197603]
0.9905987537103896 [97.26468311224203, 0.41535196618069903, 0.01418152922512124, 0.5915915451871392, -0.6953696254631598]
0.9905858149602956 [96.89418582852984, 0.4230971371390213, -0.007655256378926807, 0.6090672036153499, -0.6858715112661578]
0.9903689664254102 [96.21267481948077, 0.4445620071189914, -0.032213470106452397, 0.6570030603876611, -0.6551631063964666]
0.9903543233169577 [96.71677175402377, 0.43726716079981337, 0.00810734538209511, 0.6401406985782534, -0.6596436563859864]
