0.9941850125298001 [97.84139651948504, 0.3906253141767664, 0.011304902368878218, 0.3941594902391298, -0.743731237734078]
0.9941032038842014 [97.52952083009808, 0.3992511825533205, 0.0024539306248865145, 0.41455352619360863, -0.7292789580290213]
0.9940545612938543 [97.3609415684077, 0.40473429153499774, -0.0004078907015812054, 0.42797242627629295, -0.7194315979521945]
0.9940395442477901 [97.38728945362547, 0.4044841672592855, 0.0021957621763195865, 0.42747615808532335, -0.7195197516702501]
0.9940174693870095 [97.44082940668065, 0.4064136322380191, 0.014727566627268603, 0.43094284071914224, -0.7142216823277412]
0.9939788649525686 [96.95061397253507, 0.4103886014811028, -0.03087446309808461, 0.43934543433065004, -0.7157643323949062]
0.9939775037448674 [97.19816840618923, 0.41037271012436427, -0.0018532015509501465, 0.44082784389015894, -0.7100749202665493]
0.9939735261237985 [97.17528884643635, 0.4103230573718931, -0.005206310594360851, 0.4421976553643986, -0.7099245915955795]
0.9937804118436168 [96.86135093093206, 0.42204982704076727, -0.007412420596991487, 0.4686154228631866, -0.6905295387390014]
0.9937749660749577 [97.00769423219789, 0.42096594700416423, 0.0063832989670297175, 0.4657072238461615, -0.6898879141147118]
0.9937687906121568 [96.94593166391508, 0.42161545152626756, 0.0010423657058100293, 0.46653430278105373, -0.6899743585117069]
0.9936583956445264 [96.86970812095323, 0.4268186394755116, 0.006594774779528687, 0.47908744200192954, -0.6800785376237491]
0.9936058572319967 [96.89837736880034, 0.42957530074924055, 0.017271452424706776, 0.48303053169226035, -0.6746387722258551]
0.9932429497612041 [96.66065607254771, 0.4432280896927889, 0.02351162458784476, 0.5178276880817186, -0.6496728859776875]
