0.9999403117006508 [99.87088929826616, 0.3324751055827748, 0.2306301049834902, -0.0014044281993453997, -0.7916074810552304]
0.9999401110563718 [99.8772184632466, 0.33240215190645883, 0.23116312589718122, -0.0005552049906459714, -0.7916069129840606]
0.999939392951958 [99.88685011405137, 0.3301828444340646, 0.22099597420443812, -0.0031261418520814703, -0.7971713897938678]
0.9999380899457545 [99.89699158028861, 0.3301241197417295, 0.2218346006275565, -0.012095719281602278, -0.7970477128161064]
0.9999351473404632 [100.20168475064351, 0.33014513678053126, 0.2628598114211059, -0.0023180270941628137, -0.7903702427175119]
0.9999347635700433 [99.87116264008108, 0.334622106053066, 0.2415833135795882, 0.0037217983919307198, -0.7860493985820892]
0.9999307219490158 [99.9314680349194, 0.32769559841293244, 0.2138292032099922, -0.01548749754276843, -0.8027477412675322]
0.9999260616923253 [99.82824162299553, 0.33717240489077, 0.24846141167417152, -0.0012423207086218716, -0.7806657042008884]
0.9999254405786996 [99.8373813494504, 0.3370809680208236, 0.24918594357534757, 0.004399348260378667, -0.7805454658058456]
0.9999228521542042 [99.32387035850783, 0.3342322198465256, 0.16646724058281392, -0.004487872525797982, -0.7990060599141886]
0.999921884205694 [100.15857151826376, 0.33246515164076096, 0.2689567429501928, 0.01436953436727616, -0.7849938719732772]
0.9999154411321985 [99.84896185793139, 0.33462712936879024, 0.23853028018695624, 0.020757391616675638, -0.7860734481389567]
0.9998409479234854 [100.98200146788733, 0.3311580409999816, 0.3709015532050917, -0.00408797191486224, -0.7700438806687546]
0.9997943020954974 [99.97433998776941, 0.3335815381738716, 0.24700483879476615, -0.060461947493860586, -0.7850917267233044]
