0.9998556599988367 [99.88066494649395, 0.3322240876210685, 0.7340707558661128, 0.0004344785746334468, -0.7966049393008966]
0.9998365891347525 [99.91290133035879, 0.3379643076811234, 0.762468653311233, 0.004712240076600555, -0.7799837300317387]
0.9998365883582702 [99.90210341074521, 0.33804996645161434, 0.7613149897134405, 0.004769437452512736, -0.7799859645369367]
0.9997965053541945 [99.93451913007237, 0.3418351533895685, 0.7806359735071857, 0.009166771622381876, -0.768891447729485]
0.9997346429320062 [99.9837722014859, 0.3455369930316361, 0.8011615362509401, 0.013719449560488867, -0.7577527362115717]
0.999734636463936 [99.97235408317178, 0.3456151862338116, 0.800022642361799, 0.013541774390464074, -0.7579070792888579]
0.9996838926010135 [99.54630646977714, 0.35182660808009214, 0.7640500483721815, 0.008385743836872945, -0.7530472102449389]
0.9996231435742233 [101.52711094274359, 0.3322426065122035, 1.0340277923825383, 0.028840170034170352, -0.7566520160120016]
0.9995122852038587 [97.76655901682639, 0.36009516715785495, 0.549404905387813, -0.04434432443294327, -0.7718674430800108]
0.9994911519806422 [101.63949985639773, 0.33746607042464427, 1.00150008336528, 0.034840988775987056, -0.7391683237174762]
0.9987167364210879 [100.16601279386671, 0.36764219889823174, 0.8902182280533558, 0.13413965148281756, -0.6867183543573223]
0.9985300522982907 [101.06804069110865, 0.3695222893994554, 1.0015003782716643, 0.10447832245022293, -0.6615202851763785]
0.9981954969739999 [99.04377873910241, 0.39630714288250024, 1.183090797746364, 0.05544487970955714, -0.6570689474050426]
0.9973503296821282 [97.92687928677319, 0.4175138250626448, 0.7043304539719498, -0.08894030148029122, -0.6368868051875356]
