0.9674960288012945 [92.22516373269502, 0.3121986018571671, -0.2903509369759045, 1.17196653786053, -1.1966512498928306]
0.9672080034026954 [93.99448377370166, 0.31007983991211235, 2.0004516784904443, 1.1769030282015067, -1.1712763837907754]
0.9663120584643146 [97.75315837575766, 0.40645207846498516, 1.0147349288845968, 1.0015146901433067, -0.7970335154227616]
0.966196020190273 [97.93273193934172, 0.40590565248380445, 0.9942113929875431, 0.9984187084003058, -0.7937488140217689]
0.9658032370592272 [96.41397996813524, 0.40962189945058636, 0.8266965512058527, 0.9982972919012958, -0.8262484921499714]
0.9655361196983043 [96.68340997677473, 0.40584276076017123, 0.8597371061547613, 0.9806920034293953, -0.8387763509786025]
0.9654767653529017 [96.1010938725997, 0.40962487578318096, 0.7728679045416643, 1.0017050113665764, -0.8418444674341958]
0.9654693187266148 [98.30086132794956, 0.3073372189760125, 1.2977329485994495, 0.7864908106746447, -1.0940248687859457]
0.9653959262647215 [97.19190011207914, 0.3982299218582961, 1.0946264239400283, 0.969123323210439, -0.8436853186598634]
0.9648571429703594 [97.92392553155022, 0.3878198138077221, 1.0152172964872266, 0.9395180456993917, -0.8618852966584827]
0.9647317162644239 [95.38509365385777, 0.3992555155586079, 0.6474700054565612, 0.9984607462417489, -0.8680247090151838]
0.9639206874533238 [98.33007537309894, 0.34819396400816993, 1.061887292302771, 0.8491101019372369, -0.9785030974396933]
0.9627095443356883 [93.26783089647485, 0.3943162015186735, 0.355115438804662, 1.0301206431844059, -0.9539952265850478]
0.9592227910725557 [98.9197150721675, 0.33738848824233547, 1.153531915763807, 1.0015051323213302, -0.8004523154336598]
