0.9876098547182816 [90.9405061175659, 0.5102487804732774, -0.3416331809009023, 0.9984636000909187, -0.6311750373297333]
0.9875862135718266 [92.25375804954311, 0.4992455872453535, -0.21813662765765218, 1.0020915907239367, -0.6010872139975809]
0.9875497283343152 [90.60943775222968, 0.5101212394287439, -0.3839390269933407, 0.9983499444612051, -0.6378939079104846]
0.9875075778027927 [92.75869353229271, 0.4944343816371827, -0.17120210550405107, 1.0105737670824861, -0.5958177846054638]
0.9873685271210251 [89.98751104966513, 0.524618447933582, -0.41901226182312973, 0.9984128675287643, -0.6503561044995323]
0.9873034640391692 [90.29831473731699, 0.5031189695381648, -0.4286901829218235, 0.9813944813636635, -0.6633193615149577]
0.9872659824519568 [94.02195131433174, 0.48233802271495174, -0.05309819187260095, 0.9656968012480023, -0.5841385442331439]
0.9870593948022541 [89.04726685023823, 0.5287503155123481, -0.5157750745306979, 0.9984412131001703, -0.6768549235818513]
0.9865598538640397 [95.56732764630823, 0.44012306043766247, 0.04203463545938192, 0.8188440452781338, -0.6648775924775738]
0.9864048466340961 [91.8461183972249, 0.4622608611536817, -0.3374692083715476, 0.850997372681971, -0.7194197034574173]
0.9862793800064669 [92.77327050278464, 0.44710623360204993, -0.26495966858505227, 0.8131606852215802, -0.729303611909877]
0.9862710869707897 [96.64815899124005, 0.41923118580271745, 0.12464236842450889, 0.766604748940142, -0.6883491958715813]
0.9862456646860356 [95.8632931384642, 0.42397490401645954, 0.04313348990071984, 0.7666748736336761, -0.7023635742798869]
0.9862268340622812 [96.4530716636811, 0.4188985794622535, 0.09988640666885995, 0.7599189666057539, -0.6971342501514649]
