0.9999347420264056 [99.83491892028574, 0.33227280301009426, 0.47584805176303935, -0.0006525424816818612, -0.7959675376101605]
0.9999332031007941 [99.85054658852717, 0.33222309072838185, 0.477601204099278, -0.00952797244515212, -0.7959138712423468]
0.9999318069051374 [99.84985411437697, 0.33429866932023644, 0.4872192653156864, -0.007903408964724789, -0.7903779493482875]
0.9999306073310386 [99.62389558399352, 0.3365797366646053, 0.4656317202915578, 2.704644105021995e-05, -0.7864819648262845]
0.9999284022517863 [99.8932740028774, 0.3337695260075914, 0.49108702215888345, 0.010692119998069965, -0.7904946197970474]
0.9999278935927775 [99.8761075064338, 0.33203750425250766, 0.4800489686498318, -0.016019058992368156, -0.7957946367002104]
0.9999230639906053 [99.84304310108904, 0.33644850569974205, 0.4961201916960427, -0.009006559567927043, -0.7849397818790855]
0.9999210525042052 [99.88450051604187, 0.33035077668747853, 0.4738832755837969, -0.004343859766862493, -0.8004174252296059]
0.9999160800947257 [99.59732741702706, 0.33391140692735877, 0.4513761254203915, 0.015895017241021353, -0.7968826330084968]
0.9999137629042836 [99.84634058971338, 0.33851512411837414, 0.5058033974529927, -0.0020060345067054305, -0.7792902167031339]
0.9999109509744601 [99.93462550383003, 0.329210537583073, 0.47539567576756725, 0.016991575297640362, -0.8016991597804313]
0.999883241188191 [100.65840433145927, 0.3321544379006729, 0.5819981647183581, 5.667421721007915e-05, -0.7735993088079065]
0.9998564396181084 [99.81220534726646, 0.3431699602871562, 0.5208814335485871, -0.014688939341137299, -0.7681788659245568]
0.9991360702501175 [101.89868128095651, 0.3457908535079055, 0.805686516662809, -1.4185144968341116e-06, -0.7041592604387534]
