0.9979074818036611 [100.43339171583348, 0.33238258101965723, 0.5901766833456179, -0.06776368222675677, -0.8408379309684203]
0.9978228736848794 [100.94942568143883, 0.3343582463291757, 0.673998239255541, -0.0001693307124748262, -0.8243647111077188]
0.9978146959292451 [99.49535103507351, 0.3446536613893106, 0.5114519481869366, -0.11675026251272932, -0.8255596637094209]
0.9974678021590722 [100.73554053664594, 0.35380464780849064, 0.715895812566136, 0.08551137537152748, -0.7748551248994322]
0.9974192897141347 [100.111841943909, 0.36055441342478334, 0.6572730296671982, -0.08010795687853936, -0.7766268264456058]
0.9973207241569835 [100.68370526752257, 0.35844234105082756, 0.7215567181468499, 0.13115436206952566, -0.7587466125677242]
0.9972711526890484 [100.40435414512578, 0.3637832404985762, 0.7065833195568116, -0.04108491524034091, -0.7637339801036778]
0.9971107859888072 [100.61197361998049, 0.36479836658556763, 0.7284703504494765, 0.1763026033734139, -0.7375278366394464]
0.9969965165734704 [100.56499623004808, 0.3682229738479099, 0.730650561813015, 0.19572219110683392, -0.7267494976113612]
0.9969365538237969 [100.53060988333996, 0.3699776400585891, 0.7305451961676234, 0.20517083848957615, -0.721583174335403]
0.9967438718967632 [100.46971707957073, 0.37509946646007786, 0.7346661212637899, 0.23095925878175683, -0.7057647791110437]
0.9966036871540761 [100.43488756192497, 0.37848723338283413, 0.7377349060653611, 0.247322887409951, -0.6953162562623199]
0.9965605482306513 [102.77405336278267, 0.3577755480381847, 1.015382517148171, 0.18014955328114132, -0.7019016680970137]
0.9963736902279883 [100.30672937146163, 0.3846753365674018, 0.7360835493130442, 0.26932429931074187, -0.6810262946116383]
