0.9914166397466074 [96.80573261089935, 0.37380703002135385, 0.7171984451270677, 0.4902338477271071, -0.8267743420730145]
0.9914025790158127 [97.53821999001399, 0.36868503304507255, 0.8027511792801112, 0.481518956617158, -0.820283306802151]
0.9913982603368874 [97.28879698556653, 0.36810578681823514, 0.7689596405350348, 0.47337513710398627, -0.830267292007663]
0.9913627727123345 [96.19980373474425, 0.3936698203820461, 0.6819734887359525, 0.5548718913180223, -0.7727333492062666]
0.9913423868587838 [96.14565819999495, 0.395968576147789, 0.6794357525861021, 0.5613691525073792, -0.7669344225955775]
0.9913380809175697 [94.89796832302986, 0.39932600790714334, 0.522008076690893, 0.5647577988491981, -0.7920673145916922]
0.9912515950560666 [97.14394503918064, 0.389737115942394, 0.7980937914218835, 0.5508611904542902, -0.7586011593822619]
0.9912127646708152 [99.15208606605417, 0.3535578524194575, 0.9869464867599878, 0.4338884061902044, -0.8335658139311606]
0.9911324920901278 [95.9619064127692, 0.4091749741700358, 0.6796216192402329, 0.6044313697627097, -0.7287992012205355]
0.990866233305973 [97.74356469321002, 0.3968424562652773, 0.8822994691697001, 0.588882012698014, -0.7073888095116251]
0.9907449790058813 [96.06835119072755, 0.4203422173617724, 0.7073775106940715, 0.6503116271131655, -0.6851834646124437]
0.9906820711743051 [96.3624020598071, 0.41853683700679045, 0.740367459149353, 0.6495533664248351, -0.6799133374240386]
0.9906731940194932 [93.04500948720502, 0.4450125059990915, 1.6270624062511787, 0.7107202458219235, -0.7051349278850638]
0.9905393608154617 [97.79120429142762, 0.40545213375071104, 1.1002789687133356, 0.6213628004980877, -0.6756358354119917]
