0.9978764347100204 [100.47751817192946, 0.3351764412367205, 0.8594646157069915, -0.02695682907323323, -0.8345077904471894]
0.9978512595161729 [101.2318725063249, 0.3269156348071028, 1.0649186884524557, -0.00268750080070386, -0.8403735918307267]
0.9978118823715778 [101.66864066772288, 0.3255303883329979, 1.0085959266869222, -0.004181851822813138, -0.8340203251025846]
0.997743883781216 [100.76716752372676, 0.34317575604133377, 0.9341315376352022, 0.00010026691884761099, -0.806245732371849]
0.9975023750054927 [101.06042468813496, 0.3500482587575096, 1.007695083219995, 0.08288950236850422, -0.7753506630003653]
0.9974415011667179 [101.67407228541467, 0.3278789002353719, 0.9966111283188007, 0.15149027844680152, -0.8105313084120647]
0.9972230104491054 [101.41709921649215, 0.33584402826596094, 1.0015021295346873, 0.18453917966597633, -0.790038306772335]
0.9970540468188658 [101.37073893967435, 0.34548259459435254, 0.9984953679256031, 0.2147212224804912, -0.752341933232769]
0.9970243785008988 [100.77918878058432, 0.3639917947965686, 1.0115008786669761, 0.17454036116709623, -0.7331363553486118]
0.9969545346432624 [100.74259151686601, 0.3658285320708268, 1.0124799297530476, 0.1838921853686245, -0.7277256725225758]
0.9964000899831218 [100.59420641812028, 0.3776581014037468, 1.0102506033050243, 0.2452157177090839, -0.6897877185209093]
0.9963075709592654 [100.6500436798635, 0.37736615427925735, 1.006192374047362, 0.26103827851735173, -0.6843471263140976]
0.995817991206921 [100.79669317239373, 0.38500565208072585, 1.0015009432334718, 0.30969211844166267, -0.6513458195790498]
0.995726220757481 [100.48550335916846, 0.3895065042586966, 1.0067399704658957, 0.3010642235868242, -0.6517855531163046]
