0.9942610179292798 [99.84493359651188, 0.36075146461893426, 0.6217989989310384, 0.312576139068983, -0.7786410911287223]
0.9942588576434739 [100.03857895601826, 0.36249445210432657, 0.6514863461224674, 0.3202557553052813, -0.7676878190219254]
0.9942583536169646 [100.36964660009275, 0.35879940933043164, 0.6830726772913589, 0.30892435453625167, -0.7716416933235645]
0.994225459519211 [99.14865363363145, 0.36301864438256937, 0.542530045179799, 0.30751749335743983, -0.7922563858464393]
0.9941474279877855 [99.58177214382714, 0.3789407922801747, 0.6358360202847428, 0.3724399804875307, -0.7252418626000685]
0.9940096156210803 [97.19179700696911, 0.38484956902053213, 0.3542788134751461, 0.3903928495267107, -0.7667919341250414]
0.993988119037982 [99.41633467280266, 0.388310564744171, 0.6360924392090137, 0.4047656900934, -0.6991235348171769]
0.9938879416164432 [97.51069920153327, 0.4040966997447426, 0.4420641094569142, 0.4408580961128873, -0.703825031407697]
0.9938559909690208 [99.25940967291832, 0.3946673792551766, 0.6304468462837989, 0.4249028920662022, -0.6836685393830921]
0.9938056596025311 [99.22446274283654, 0.39668941796302587, 0.6303365329645048, 0.4311522801261345, -0.6784378456955841]
0.9938056510362561 [99.22511161283764, 0.39673674106806345, 0.6305836290555935, 0.4309753130212627, -0.6784062706000599]
0.9937611993594001 [97.00623253437483, 0.4143502613075253, 0.4048448506263619, 0.45885719670645453, -0.6927136212873494]
0.9937521708411671 [99.18288467062129, 0.3987289294688509, 0.6292744347788125, 0.43783215256105973, -0.6733031251487552]
0.9935057788338788 [99.03628110859628, 0.40691259657665246, 0.6269404004197594, 0.46456952562236015, -0.6526365432103556]
