0.9999270215365162 [99.86860495858812, 0.33505538893845743, 0.9936285510761937, 0.00016792999933818985, -0.7934341668800182]
0.9999265346931371 [99.86780043938494, 0.3353812755561661, 1.004890214731606, 0.0011176885015135773, -0.7932881979647053]
0.9999256486148025 [99.85157938617948, 0.3336649294908512, 1.013970793154186, -0.004240843819375953, -0.7986151846587924]
0.9999156468829332 [99.80573601706053, 0.33011759214360703, 0.9658520538693585, 0.0009336255307272263, -0.8100451022996227]
0.9999138122763104 [99.8009388268398, 0.33020633824563816, 0.9654235226543431, -0.003920606272791238, -0.8099851039344141]
0.9999136054256305 [100.0266797934294, 0.33041739331748776, 0.998490516630906, -0.011437650122496104, -0.8039709788815679]
0.9999128382839992 [99.8037685741272, 0.33167376622556877, 0.9722210587665185, 0.02148945558034458, -0.8049598914906909]
0.9999110988292026 [99.78577655597982, 0.3381995834910033, 1.0068489159610072, -0.007875273897028776, -0.7872944630098239]
0.9998884643151117 [99.74997450047172, 0.3300633767632851, 0.9580170071416932, 0.028536153332650277, -0.81072731911076]
0.9998835148474298 [99.70704533937644, 0.3426229176217064, 1.0015040147201806, 0.0010674855805141645, -0.7770511019688779]
0.9998816442894607 [99.79032820852575, 0.33830269441622285, 1.006705789069467, -0.02494700941040473, -0.7869350412938836]
0.9998798363800699 [99.69501074525824, 0.3332377641456533, 1.0394589044315232, -0.029126509770496682, -0.8037280249810942]
0.9996678823912926 [99.34908561247967, 0.3444593634259493, 0.9466401108345812, -0.07140607660210432, -0.7782421112081095]
0.99900327891247 [99.00637495349966, 0.3779809774226158, 0.9984986125256984, 0.06172946283097855, -0.7003120631391684]
