0.9993792426155205 [100.14067422292302, 0.33790696620714533, 0.5574621813437307, -0.0077001210166344845, -0.7979446622835924]
0.9993506600504923 [100.20086881720277, 0.33982716256455897, 0.5727813467591898, -2.4313956717213754e-07, -0.7840661429744193]
0.9992466026812903 [100.99599662106942, 0.32535717544857873, 0.6217260616581015, 0.05392518257008426, -0.8112569728426393]
0.9991950074265229 [100.09027653376496, 0.31437392550495535, 0.4324375487792219, -0.03315949163508209, -0.8637069267135693]
0.9991383248370127 [100.20122569971184, 0.3522766900049609, 0.6229866438353528, 0.021174091399231626, -0.7592188882603452]
0.999020494958774 [101.12456184087505, 0.32427407121208923, 0.6336921048277675, 0.0963290082648009, -0.8068429718912151]
0.999017519347359 [99.79958257890776, 0.36008478690099943, 0.5991677588950304, 0.0327975760192452, -0.7495879132268595]
0.9989180497056986 [98.76222101020116, 0.3419684563283243, 0.39438714643068395, 0.10607314531297696, -0.8177178748629605]
0.9987528355397447 [100.3537791102377, 0.3635673505696294, 0.6801326288902939, 0.06645578696422466, -0.7258065792354635]
0.9984376611497391 [99.66697470871014, 0.3681602279994053, 0.6016325391777773, 0.16808810984935663, -0.718451321485624]
0.9984229981128961 [100.44809853132763, 0.37056377120219064, 0.711603352790716, 0.10342599344840327, -0.7036941959950147]
0.9980505918748667 [97.38929001438915, 0.3848041975986386, 0.36695479083098503, 0.20552878372342953, -0.7302059792003914]
0.9980377208743954 [100.85565509982807, 0.37303374174197235, 0.7678373963256193, 0.1482395458520387, -0.6827737627619486]
0.9975870991585305 [97.4550685699187, 0.4088836184153234, 0.4496029924814344, 0.1841444711192441, -0.6843298917810654]
