0.986177032771916 [96.25724853189428, 0.47354595150344625, -0.012527378457487647, 0.9345523647938859, -0.5547363352677257]
0.9859355408075855 [96.6278751405215, 0.45345547220560806, -0.0037002115915963623, 0.8519511217021936, -0.609321851736721]
0.9857480133577858 [96.87181179661408, 0.4368119551635263, -0.006886079104718909, 0.7979384706895004, -0.6471148830637854]
0.9857029595008022 [96.97510277046229, 0.4310688949403355, -0.007381884181475884, 0.7826840730831892, -0.6585940624382942]
0.9856436043656572 [97.14733891898352, 0.4231196763352939, -0.005383332032759498, 0.7594670940217452, -0.6752841267906207]
0.9856375850858003 [97.21647296202156, 0.4201271385265527, -0.004227757114682143, 0.7575553772484003, -0.6776426082489629]
0.9856136647615715 [97.08305954768213, 0.4306698929769064, 0.004856085293620521, 0.7795903225797642, -0.6581401435255888]
0.9856083486031074 [97.3594917728108, 0.4027484970015167, -0.0328596864012993, 0.7074129336427635, -0.720846660305088]
0.9855756617433624 [97.89837306304429, 0.3890156696363464, -0.010665110488855548, 0.6825211603626195, -0.7388063031480483]
0.9855657573045685 [97.23006289153656, 0.42245943820804355, 0.003000192659789581, 0.7575583677592631, -0.6750142349279304]
0.9855645178488873 [98.57105208223467, 0.36252253181747807, -0.024877538575623852, 0.6258852476214523, -0.7924066664384597]
0.9855507019078273 [97.30870076892622, 0.4172465601156157, 0.0006099638486041072, 0.7487097885481071, -0.6830492239585009]
0.9855251554427474 [97.45454005330097, 0.4109193181409755, 0.0010730806353845845, 0.7280312449557027, -0.6979887652840896]
0.9853950797025687 [99.31410778733289, 0.34807755910019844, 0.005352948405713387, 0.592534432913765, -0.8200056348278494]
