0.9777543436592352 [98.23754278645063, 0.41050501150259966, 1.040356832140656, 0.9984285781678652, -0.6730877264768199]
0.9775613145258031 [98.17693763857301, 0.4113487736055128, 0.9513596757199322, 0.9884028498852271, -0.6833503695476838]
0.977458219574282 [97.20849440252177, 0.4143390444211847, 1.1609661343432462, 1.0072859267758245, -0.7031660208964561]
0.9773959358740684 [96.98242222091517, 0.4145087544096653, 1.1896554808770001, 1.0068376824608436, -0.7086096220299967]
0.9772950513038097 [96.46578262783935, 0.414301447439098, 0.7448524333831672, 1.0015514841190432, -0.7156596250486813]
0.9772384621569864 [96.3658871949265, 0.4127143023192354, 0.7301049283173234, 0.9984735576943301, -0.71676444278631]
0.977146622894713 [98.02741401083821, 0.40715435324482174, 1.0582344760623494, 0.9583889218443931, -0.7157078911200564]
0.9771133800722261 [96.61619379718869, 0.40716952785593813, 1.2429778377599408, 0.9854014494500647, -0.728627799836044]
0.9765376228098228 [98.48761526008079, 0.3988596503122873, 0.9974323858461723, 1.0799906202520324, -0.7440717268386594]
0.9765356091566332 [96.68181099129563, 0.4075362848628959, 0.7810806363751107, 0.9406499213403032, -0.767256568813136]
0.9756993706733339 [94.23832582085991, 0.4206025154737257, 0.482655157823245, 0.9726970033449975, -0.7974683271334486]
0.9753282419735684 [98.21534731029419, 0.37456282391373025, 1.064278814403658, 1.1687138329193394, -0.8542356989815858]
0.9752885573840498 [98.2987553595834, 0.444212519048237, 1.001921092934337, 1.001531707636203, -0.6145953926509935]
0.9685792902251884 [101.20404435144596, 0.32438940542361694, 0.9984991950754545, 1.0015008436401636, -0.621624540734051]
