0.9944386140714044 [99.8756068773354, 0.3473028099766976, 0.8318797049993356, 0.2653255055712317, -0.8260762096663471]
0.9944313856811781 [99.56774661235765, 0.34821831447674884, 0.7943177374425715, 0.26195613081892644, -0.8322529376313439]
0.9943936991850629 [98.6602709446384, 0.3573310313440616, 0.6983085436827513, 0.30490097752310924, -0.8198709287918506]
0.9943697457950247 [99.38899506729909, 0.36216337817183747, 0.8076668320061302, 0.32040061840608103, -0.7845068791672215]
0.9943453425721116 [99.79248569168861, 0.3612718036627179, 0.8568149623510369, 0.3186423367950643, -0.7764994318764645]
0.9942455715459935 [99.20486852006732, 0.37179669121378467, 0.8059390752464689, 0.35129310239143463, -0.756535782045745]
0.9941558554753224 [100.92190023773387, 0.35809217032060126, 1.0049300053090802, 0.32977191507458736, -0.7555194997175703]
0.9939995089328039 [99.83340763787642, 0.37774988295439643, 0.8960108123283357, 0.3721442641963483, -0.7199337447534209]
0.9939153860087061 [95.84242680835958, 0.39602670109860816, 0.4363655427523585, 0.41671860224313106, -0.7694719900976322]
0.993852798759158 [99.68564760059809, 0.38140538618799463, 0.8842167434474885, 0.39807446259161006, -0.7061009265429927]
0.9938011899152681 [100.63005865288517, 0.37661771188851967, 1.008440669618143, 0.37520747397661225, -0.6992917739007734]
0.9936447509010019 [98.8839157905381, 0.3964632651654797, 0.8103247548971315, 0.43358224678709845, -0.6837953949035737]
0.9936446319342449 [98.8289997226399, 0.39710901643570284, 0.8050342301741549, 0.43396681710757745, -0.6839357442235775]
0.9935176727247594 [98.82366840158613, 0.40061895769586464, 0.8084323342530473, 0.4472114547714409, -0.6719534187891654]
