0.9906287711668412 [97.05091342922637, 0.4098850485367023, 0.3865813815987005, 0.5964642952169308, -0.7021313897877033]
0.9906141543234268 [95.99717112357996, 0.4181051004858335, 0.2772289788914136, 0.6145630170048744, -0.7085444960470577]
0.9906079963249681 [96.60861352568719, 0.4196318332952067, 0.35355313400348143, 0.6235954802920078, -0.6862921293681833]
0.9905971669328473 [98.22422760880431, 0.39647359751729466, 0.499098365533735, 0.5680284258087429, -0.7065831628112824]
0.9905830023441498 [96.427222275264, 0.4250924711613157, 0.3425681943043386, 0.6398207426954945, -0.675717673559363]
0.9905637375494099 [96.78320352872947, 0.4233052034480975, 0.38064234023071725, 0.6378351206075704, -0.6698359219988463]
0.9905491459195447 [96.27128170010556, 0.4303209284036599, 0.3337700737248705, 0.6557810750050673, -0.6652239884138429]
0.9905490704266738 [96.24734388154305, 0.430604190272193, 0.3317430093221697, 0.6560980345130035, -0.6651137305955976]
0.9905487693550462 [96.11484062513634, 0.4319570733756932, 0.31911627644937257, 0.6589505534153199, -0.6657260505502367]
0.9905287337740389 [96.17454996791245, 0.43321762588734913, 0.3279316014699067, 0.6640154813428796, -0.6600358475450792]
0.9904805327370456 [95.96197181738417, 0.43905245006375626, 0.3132779760894966, 0.681969343221486, -0.6497327593949797]
0.9904703773332979 [96.72858425872971, 0.4308914762932673, 0.3873501948224176, 0.6641809946797262, -0.6492192186488783]
0.9904524419760543 [97.79351095924781, 0.41914004202588356, 0.49011546543763596, 0.6335773027224924, -0.651653611395636]
0.9904260572117107 [97.74472415531969, 0.42044333846702336, 0.48623288244300356, 0.6413497789625884, -0.6473218176188126]
