0.9908725295658602 [96.77997300873807, 0.3912286659785437, 0.5329741208152015, 0.5508042250724122, -0.7625106805722663]
0.9908483423868457 [96.1801108352903, 0.4038693102041456, 0.4840375141860054, 0.5864185903187623, -0.740409589123393]
0.9908231657511266 [97.92627548032442, 0.3764492521582036, 0.6445074602954093, 0.5205875894957795, -0.774594151561761]
0.9908226110967637 [97.60270667714406, 0.3877538152538368, 0.6303664954833463, 0.5360868203454163, -0.7541765515165701]
0.9907894239073839 [98.2315207543927, 0.3798547836957008, 0.6878914290341238, 0.5252126395609502, -0.7579362217287047]
0.9907338156667408 [97.00989830126113, 0.4079427633144641, 0.5912466545713592, 0.6032481538762731, -0.7035345422548331]
0.9906841337294031 [95.56124181801955, 0.4274802064767267, 0.45112067700995007, 0.6536740368116243, -0.6885929382605492]
0.99066154133707 [95.98451862977217, 0.42451491829194343, 0.49538942743478454, 0.650779501789613, -0.6827123009700566]
0.9906615275358742 [95.96118371448448, 0.4248685050248021, 0.49331141893514097, 0.6511004868478485, -0.6827261253064901]
0.9905631460457915 [96.56787898008639, 0.424040224469932, 0.562288368532864, 0.655974868643871, -0.6649726795276163]
0.9905336538139016 [96.0717805713131, 0.4309500675166207, 0.5142105932333828, 0.673877617217862, -0.6597632571217157]
0.9905321845700559 [95.8624892762525, 0.4337173074984701, 0.49450533105975947, 0.6787088061949698, -0.6602088074720024]
0.9905022851936042 [97.29390270081454, 0.419377915857126, 0.6408906214105015, 0.6445938841330396, -0.6575160890151297]
0.9904546838618582 [96.11651861247168, 0.4336651501511752, 0.522516749678918, 0.6858545925724153, -0.6488671364868499]
