0.9994045028897496 [99.85208721087726, 0.33406275098686294, 0.9984450601018661, 0.006134703394982067, -0.8146981587876739]
0.9993991285825953 [99.91493858646197, 0.3316672690486683, 0.9983055393952914, 0.004877853654891179, -0.8202022061203145]
0.9993837849783337 [99.66339277939815, 0.34143793094269703, 0.9984976355350347, 0.011187398755836638, -0.7983152331315824]
0.9993788877234756 [99.55475925801366, 0.3422815672559762, 0.9863599503071145, 0.012901540725750456, -0.798662992657569]
0.9993164292466282 [99.70506876494575, 0.33960730936449723, 0.9984957876869384, 0.06286872422574301, -0.8010462732964854]
0.999232584744612 [98.2905335181428, 0.345900567001702, 0.8183631152773707, -0.024037419545517927, -0.8196310476266664]
0.9992094424993263 [99.21420114019871, 0.3552304430281864, 1.017851819252173, 0.028561689028928368, -0.7717311264615959]
0.9991671340855817 [99.25317497846902, 0.3569535271980793, 1.0070896185774831, 0.027877004033976492, -0.7661541437429238]
0.9991277782502413 [98.60249878162543, 0.3606564440888733, 1.0848499151278648, 0.04225353099836654, -0.7724822589129086]
0.9988656387782253 [98.32490854122292, 0.3670459320452909, 1.1024568888708686, 0.10058640021755128, -0.759943823370727]
0.9983336995616624 [98.71886723632832, 0.38300861310032547, 1.023276853793371, 0.122177943828917, -0.710167734717201]
0.9972760500707128 [98.49866211510746, 0.39921540151073714, 0.988558906235095, 0.18790710022818713, -0.6690260457595103]
0.996429372362474 [97.51123965436332, 0.41351608695526965, 1.1180060592241956, 0.2745907589421609, -0.6467939408189713]
0.9954592243170751 [96.76966544096578, 0.44717363880805283, 1.1621240858962012, 0.23171370120656387, -0.610356256431748]
