0.9878293750997413 [90.75528066073068, 0.4980315843053831, -0.21107375695959418, 0.9976152042957522, -0.644962788805991]
0.987828145076043 [91.17213763464251, 0.4945882124890077, -0.171906777062948, 0.9984163715065835, -0.634019928245687]
0.9878154918749785 [91.31208282779657, 0.49548246492365783, -0.15064086589363368, 1.001511945889241, -0.6303115879322931]
0.9878001172822357 [92.0045653592755, 0.48519670518840896, -0.09408543563724318, 0.9790526725942981, -0.627847677799148]
0.9877964891344453 [92.17071665747045, 0.48265011665587304, -0.07835639082792908, 0.9618165196860324, -0.635922960349717]
0.9877964529108221 [91.58529859643222, 0.492724169613308, -0.12863767938764595, 0.998493820760077, -0.6220889334977003]
0.9877718130743764 [91.74404932550772, 0.49102119590210785, -0.11280600032299379, 0.9984990249778516, -0.6191757759841263]
0.9876523025574925 [93.3686403892462, 0.46249280799700326, -6.882144615010967e-05, 0.9420403714334384, -0.6277080247426159]
0.9876190329683651 [93.26586358248161, 0.45617082029532297, -0.00032761357032475014, 0.9125312496687417, -0.655527991273864]
0.9875633320991639 [90.94640513468782, 0.48423010588432536, -0.21333676340704394, 0.9395087927718468, -0.6836670472792965]
0.9875095853481584 [93.8776250070828, 0.454561142658028, 0.06845107906339055, 0.8745169364885688, -0.663600181126855]
0.9874115365912365 [95.85712039833751, 0.4348426412164219, 0.2588504939602046, 0.853682458367021, -0.6321782189375824]
0.9873934449844922 [91.28364932262906, 0.47395442255894843, -0.19290251134878184, 0.9078195567262989, -0.6998199569105462]
0.9870856699206418 [94.35123102303365, 0.4339396766291031, 0.0870185269325909, 0.8036632663729701, -0.7124986964788298]
