0.9838665630761775 [96.18545183047362, 0.4331643610396728, 0.2674926385806748, 1.001519124907709, -0.6210745451656587]
0.9838625806264925 [96.05558813761539, 0.43266877583345437, 0.25404025444856027, 0.9984988266289081, -0.6238210227081094]
0.9838622255376844 [96.21492355901617, 0.43147216881121375, 0.265980430677633, 1.0015199042651162, -0.6221656512897085]
0.9838610905241953 [96.39425563603422, 0.43164839711038827, 0.2913187012843314, 1.0036929137037678, -0.616969587577108]
0.9838578073343969 [95.9370803122493, 0.43552453412106185, 0.24469359879311448, 1.001517155844809, -0.6253907276972839]
0.9838558998126844 [96.67792271977268, 0.43011750288697237, 0.3221581506862499, 1.0015715694422154, -0.6080428481051928]
0.9838436059215021 [96.11730716644081, 0.4311565268389371, 0.26140332174463016, 1.001531415327344, -0.6224377788083926]
0.9838220972859673 [97.03193145339043, 0.4281592304192229, 0.35896421266368916, 0.9916834624450077, -0.6069414734120204]
0.9838164198007667 [97.08587797534727, 0.42755360127350905, 0.36448498047317945, 0.9984904812952422, -0.5984389339184121]
0.9838132485874923 [97.16659323427683, 0.4270307278602651, 0.37240676433458864, 1.007213571542536, -0.6025362615005916]
0.9837985669698398 [96.74637536390314, 0.4295691969705585, 0.32783467439342173, 0.984708253951192, -0.6195962637628003]
0.9837937976587666 [96.99490850371572, 0.42608513485804544, 0.35117595568871024, 0.9823739716860185, -0.6173029547840477]
0.9837669514258561 [95.1475807702747, 0.43906485589876776, 0.15958564520222043, 1.0015303728121998, -0.6465479207086298]
0.9837503638089278 [97.60227928783522, 0.42285406610593373, 0.41712203968648764, 1.0229371111955707, -0.606149293112341]
