0.988267392112503 [95.30835349543992, 0.4019319138399642, 0.5674763322814396, 0.7141219653445972, -0.7796658218140076]
0.9882640125495437 [95.19165424583099, 0.4078186535043145, 1.4348796265144976, 0.7318660033656514, -0.7638182844050958]
0.9882579459513784 [95.63316145633135, 0.3970117910009042, 0.599417256916261, 0.7016356147238176, -0.7858446810600438]
0.9882520534153921 [95.18882716654721, 0.41081248008307925, 1.4308687517742662, 0.743424979154063, -0.7524465613695897]
0.9882206329352146 [95.2525999714253, 0.4147466598999092, 0.5848088026720761, 0.7576228457950882, -0.7370214515406166]
0.988213118761887 [96.28403723872793, 0.4004582826095643, 0.6922415967025283, 0.7100423811780134, -0.7574631259896852]
0.9881489232809479 [95.43458279016454, 0.41851941736031717, 0.6122706644393204, 0.7758424422997139, -0.7153845508563512]
0.9881488509111851 [95.46435148325436, 0.4178743903196138, 1.3853774462729298, 0.775252583593943, -0.7153585560562308]
0.9881314338177575 [97.12089563558169, 0.3861454169542412, 0.7718665771450299, 0.6731087371809187, -0.7791170501581961]
0.9880016771714741 [95.77321936109311, 0.4213741920538099, 0.655740782370835, 0.7963625068268086, -0.6883995458406956]
0.9880015772825529 [95.77952482221758, 0.4214503371031505, 1.3431071949065396, 0.7960186191790907, -0.6884450521355461]
0.9876612031794394 [96.58581246399734, 0.42120402106670973, 0.7516623805457635, 0.8161246668610869, -0.6520944626209175]
0.9875929341989719 [96.33728814397608, 0.4248844931022443, 0.7253146474950233, 0.8281371316010506, -0.6465567412752592]
0.9863967489639351 [99.14720625264209, 0.40299827002968935, 1.0015069193440151, 0.842054980463962, -0.5747221112068375]
