0.9830553244928049 [97.00262371522201, 0.42927324522598315, 0.14693964076342206, 1.001502868408175, -0.6036390807791986]
0.9830499272211155 [96.71578248585514, 0.4321476052209229, 0.11828907677768336, 0.9984909303908378, -0.6117074380772987]
0.9830495951354111 [96.69104990318463, 0.43278076543887695, 0.11718095279176736, 1.0015022712486181, -0.6109948166472036]
0.9830494112855116 [96.73810173374494, 0.4321486233803222, 0.12014861767938749, 1.0015253884279995, -0.6106870192215433]
0.9830482937627316 [97.04804131487191, 0.42718046670827564, 0.14527427737202714, 1.0015069782963466, -0.6047731606998874]
0.9830417399644223 [97.27142550120507, 0.42540819478666314, 0.16721615674026039, 0.9984803789566672, -0.5993913071447164]
0.98303794844693 [96.49796973969183, 0.433535177280422, 0.09638371007684793, 1.0015059035127876, -0.6161593287269199]
0.9830201555241763 [96.32015183000462, 0.4355610067879948, 0.0806613825916466, 0.9984971901563016, -0.6203014764656088]
0.9830084410857615 [96.38022110585308, 0.4307680764592589, 0.07579575324124377, 1.0015087005030665, -0.6173509081695324]
0.983007917138431 [96.33192811758593, 0.43207719176896586, 0.07492303561404481, 0.9984954331305834, -0.6171542142699652]
0.9829974138693582 [96.20068610264123, 0.43534136738198004, 0.06327588128999356, 1.0015075742105546, -0.6240810771686437]
0.9829496945034156 [97.37641567708653, 0.42945450351178915, 0.1858054669035598, 0.9925022420220826, -0.6038500843301479]
0.9829309563013691 [98.34766808633341, 0.42127263276360327, 0.28148967475407105, 0.9984990304510944, -0.5736745244189692]
0.9795976539500916 [96.4619507857332, 0.42380909279220025, 0.01963681615779509, 0.9984982596624293, -0.5580215969533934]
