0.9752203846624633 [101.6045114512969, 0.3981401619690639, 0.6463066390577179, 0.9960773570804786, -0.6095143382195765]
0.9748449887604611 [100.06156448780497, 0.4019855063100476, 0.4773845977518811, 1.0015088635898826, -0.6471098230546717]
0.973780256540756 [98.41303499463329, 0.39882384550448513, 0.2543624103531156, 0.9984810864749902, -0.6864314243153186]
0.9737109382446609 [97.77663739569948, 0.4090759876449513, 0.219920051015573, 0.9984972557097394, -0.7027714757065792]
0.9736473357601291 [97.80770455225343, 0.4112190203755364, 0.22021695392817123, 1.001691450628972, -0.7075003695096085]
0.9735543195308548 [97.70198851736002, 0.4118576027090572, 0.20579696312115914, 0.9984659987266494, -0.7091673132078911]
0.9734744441534398 [97.43223520345703, 0.4091700732367814, 0.17435094159721504, 0.9984919285030984, -0.7094750711203626]
0.9734211192487949 [97.93608475665295, 0.40603190030907754, 0.23109369736229274, 0.9864659125614084, -0.7112279603285669]
0.9733201283535959 [97.1334589623405, 0.41096491614412517, 0.1419033527506982, 0.9984825929208053, -0.7203767991978225]
0.9725031801751035 [96.31353819900124, 0.40617545357197615, 0.019453816919369454, 1.0062269909752648, -0.7524409699107572]
0.9721261635082544 [98.28426275206621, 0.38793459301868677, 0.22628850993807548, 0.9321664794123116, -0.7655447354575848]
0.9718214279409887 [94.82058480955615, 0.4126130693895077, -0.1470340652417183, 1.0016555171595725, -0.7814951758463557]
0.9589249021061407 [100.48496561271253, 0.3478930740637838, 0.23063299587163233, 0.9979808913512557, -0.5367685889156504]
0.9585736333230106 [101.43865713762011, 0.32306597524874414, 0.22863730986125932, 0.998494863886684, -0.5485220250392064]
