0.9999307265168982 [99.86984080285654, 0.33368150712154204, 0.7381738141645147, 0.0008892986820043118, -0.7947318812457292]
0.9999291323616367 [99.86324927475782, 0.3317534555593099, 0.7290221024332786, 0.0008512475609149357, -0.8003081297849144]
0.9999287661731472 [99.86532284717347, 0.3317879236869775, 0.7293150581852306, -0.0027041612265667567, -0.8001809037922765]
0.9999263487546107 [99.88540128921605, 0.33171954933615017, 0.731548381867994, -0.007870002733066624, -0.7999665418116526]
0.9999261436286007 [99.85462482854024, 0.33170463147840423, 0.727869297535874, 0.008973227823389978, -0.8005282855986344]
0.9999220276611216 [99.86297623788906, 0.3298064481715198, 0.720457608062756, -0.001319307072587652, -0.8058410039324768]
0.9999199601721237 [99.86187172008027, 0.3299100467862799, 0.7204466716329592, -0.008109050567945883, -0.8056336051850905]
0.999919456352296 [99.89886922529453, 0.3355920044411944, 0.7497193858141513, -0.010382552757292586, -0.7888267289077334]
0.9999094022646638 [99.86597581298662, 0.3278480557353218, 0.7121094095507857, -0.002015160244509156, -0.8113756061076665]
0.9998204384912435 [99.82779793655641, 0.322533855076376, 0.6807379512471847, -0.025808423080496034, -0.827540275970049]
0.9997904057964004 [98.64881317209907, 0.35379236371558126, 1.3554934491447312, 0.0044466123868902915, -0.7688517124308466]
0.9997604382096473 [99.26468807702031, 0.3332163071156924, 0.6511455713488868, 0.05725960920225291, -0.8076820258272566]
0.999631419726961 [101.56089982140145, 0.3360508385574935, 1.0175417328368783, -0.001020449458752027, -0.7479161362103679]
0.9993513821683001 [100.2632873308935, 0.3600115736600453, 0.8848852231304098, 0.00032289366336200713, -0.7161067688647276]
