0.9998182398020273 [99.89348883875175, 0.34054506993188266, 0.5232860665396728, 0.0039447413660896515, -0.7744908191422184]
0.9998081180188405 [99.95295597151882, 0.33060453766453946, 0.48927938565813345, 0.03163606982406109, -0.7992012911557596]
0.9997942939595457 [99.8913321925939, 0.34269444357596623, 0.5320965029276097, 0.006604270359447464, -0.7689380649464044]
0.9997942937051904 [99.89019492352523, 0.3427030628953689, 0.5320084113443391, 0.006590589044695665, -0.7689510677337124]
0.9997326177480169 [100.64811068168413, 0.3336627816359573, 0.5953918396215779, 0.046854055573007064, -0.773364641662563]
0.9997320684587777 [99.59750807995097, 0.33729459933654765, 0.4693247277336316, 0.05528588425529113, -0.7874219863289198]
0.9996457128981859 [99.92147937795013, 0.35110688503572196, 0.5696842427640818, 0.019783449230806948, -0.7467297035093332]
0.9995672919292085 [100.01037440567885, 0.33915135110985384, 0.5317263643201672, 0.088460653306181, -0.7702911360714237]
0.9994057012071473 [99.79731203571953, 0.3569392983449332, 0.5733425516219857, 0.08517584973538297, -0.7308002458720824]
0.9992814015039521 [99.8138908606661, 0.352572671727501, 0.5562188396337078, 0.12187332136770308, -0.7364083149730936]
0.9992048416597461 [98.99379519995207, 0.35153566228553923, 0.4444406589058877, 0.13555197053385026, -0.7560924112248197]
0.9991998154936554 [98.80174497952076, 0.3566576485884251, 0.43703291919362897, 0.13379407424398732, -0.748147537038161]
0.9991904713897563 [100.06616457834886, 0.3653257769443866, 0.6374821942476366, 0.053249335670484815, -0.707560707749787]
0.9983156681908933 [98.55017825924297, 0.3920522205010197, 0.5204407375701374, 0.17071976517244636, -0.6713869058634214]
