0.9999430785217155 [99.97570542804766, 0.33258199177884595, -0.0060736765272466665, -0.002938013015502214, -0.7865154799687875]
0.9999430015559894 [99.85936982112145, 0.3333744205173954, -0.017155374115358148, -0.006957792400006777, -0.7868257969925259]
0.9999421564691752 [100.01659864985663, 0.33231303139709756, -0.002158571238051006, -0.005839026553521042, -0.7864223828246821]
0.9999416736163407 [100.05764957437478, 0.3320535757463406, 0.0017570611362541784, -7.23128072429339e-05, -0.7861781941269512]
0.999935225970379 [100.26735442567204, 0.3306609665223244, 0.02153108495762871, -0.005693073167535817, -0.7852758294211633]
0.9999350598755277 [99.88522607688091, 0.3354954393787556, -0.0020637000718914935, 0.0018021295939552688, -0.7813043742706115]
0.9999349757020864 [99.81519673132374, 0.3359740477441143, -0.008643830152241155, 0.0020709037383861294, -0.7815794269636407]
0.9999345786043301 [99.87697470480536, 0.3309353311900192, -0.028254155732041743, 0.011890361657453188, -0.7924639926557318]
0.9999339634860668 [99.85321232165995, 0.33571096486529783, -0.00508163071067807, 0.004891153359483651, -0.7814641420253312]
0.9999298809929199 [99.42189696585322, 0.33393305844954313, -0.07115958273583563, 0.004173423433524457, -0.7944585041728786]
0.9999139197803054 [100.19353967737851, 0.33570011277419154, 0.03909281229799036, 0.006672510344103835, -0.7744461596560185]
0.9998488689687696 [100.18844632590078, 0.3308014341063241, 0.010117145492131031, -0.04840010322517031, -0.7852308278487005]
0.999038727278694 [97.96508085255132, 0.38966494857025546, 0.0010174954516330742, -0.0013019449565164919, -0.7057207416622173]
0.9983181732211952 [96.97295687017359, 0.4151485584667788, -0.0264221945610199, -0.007449745126752563, -0.6820773401216998]
