0.9998694510344202 [100.08398690007562, 0.3329285277070904, 0.014626884574632263, -0.008334945517501129, -0.7905464053651565]
0.9998445538772187 [99.76085269280716, 0.33974597785723204, 0.008990774279512524, -0.002736505691124474, -0.7808172775455131]
0.9998337217329032 [99.10257574604435, 0.3394316034052612, -0.0776732266311348, -0.0048518924458806675, -0.7950982646782327]
0.9997822307944219 [100.3909887306975, 0.34004328489836044, 0.09143222142674888, 0.011472737092704674, -0.7670663383984331]
0.9997597059287587 [99.4154070180379, 0.3494370528554551, 0.013251481861518647, 0.0034247130853827905, -0.7655074346348452]
0.9997583575329839 [99.38146590995537, 0.34966099811162066, 0.010115820502130158, 0.002807995458729471, -0.7657055041221672]
0.9997238698492169 [100.14724301326861, 0.34656027501951725, 0.09189557892860138, 0.012476001478559921, -0.7567740978382508]
0.9996699818946444 [99.14377156161706, 0.3564437057253618, 0.012096864743425167, 0.0058405503920523835, -0.7554951322822039]
0.9996170935005657 [100.41360344336996, 0.34932334619005356, 0.13813710956722192, 0.025189643905859604, -0.7447170129823905]
0.9994989148899065 [99.76714848638854, 0.3422052358828965, 0.018255010525599837, 0.09765034118506634, -0.7696845506499161]
0.9993453962472723 [99.4493196794966, 0.3490051963422851, 0.0074161623342829325, 0.11730615858010358, -0.7580075975457079]
0.9993332825107022 [98.49847729815987, 0.3746904800489468, 0.01163064092926045, 0.01868227183526036, -0.7305600211431436]
0.9992531967349926 [98.64160692142889, 0.37465367269742583, 0.029290507677361924, 0.0609701190042046, -0.7264362789008596]
0.9992377307479393 [98.27707078565408, 0.37896160731121975, 0.002272813212918389, 0.02857988467287461, -0.7268031968285229]
