0.9815842040101986 [97.46779282602986, 0.43064385292544105, -0.00688154193096351, 0.9984993954456141, -0.593688854773893]
0.9815823550501993 [97.51028692855465, 0.4282916831899682, -0.005712819519303355, 0.9984978960283457, -0.5905790519490041]
0.9815780789636734 [97.38898122972617, 0.43297556895702416, -0.00719247218884771, 0.9984942895376953, -0.5934543430534204]
0.9815755865243357 [97.43189322704671, 0.42989989709104814, -0.01327428923366055, 1.001507499415914, -0.5936818639851175]
0.9815693751218917 [97.34943556531593, 0.4308336557415835, -0.016884308802208682, 1.0015006832067872, -0.5957583202298314]
0.9815691774284099 [97.36287280300107, 0.4306067215884758, -0.017084744614646853, 1.001500995152675, -0.5947138066502153]
0.9815682665978782 [97.43391769916798, 0.4289595111249405, -0.010908478429445936, 1.0015057558232754, -0.591965264023592]
0.981552988208521 [97.4387951203461, 0.4320394552354761, -0.010426406544079829, 0.9984799274341962, -0.5957860199160621]
0.9815402418186816 [97.68078719648187, 0.4236542511240108, -0.0025990253125618163, 1.001502856693758, -0.5853440378826393]
0.9815171451301598 [97.77306734219974, 0.42138663171653135, -0.007357352063662415, 1.0015055229520484, -0.5843999358928875]
0.981508162738495 [97.6701890778791, 0.4283276376453107, 0.009968091930811378, 0.9984987364429705, -0.5891798541749063]
0.9814898082678445 [97.56149427043705, 0.4316860329254587, 0.0067299114723191715, 0.9984677738395008, -0.5934997489936011]
0.9805241422188722 [97.91582287667654, 0.4125156394710616, -0.0006810714144125629, 1.0433624485631903, -0.6199483917216703]
0.974986954361442 [99.8851119922908, 0.3666762177032272, -0.0074178100140590425, 1.0015025323044213, -0.49276768548156547]
