0.9639741597384062 [103.15690314186634, 0.2579764122548386, -0.006400743915506836, 0.7273687111964761, -1.0986691690205748]
0.9639503659380622 [103.01718457839448, 0.25925350164143773, -0.004444549379044326, 0.7294925631356457, -1.1014677148105703]
0.9637763130388658 [102.83248109886858, 0.2618010864702977, 0.0037961756074132037, 0.7389399465291455, -1.0941922556778079]
0.9615338952084662 [100.31110383247952, 0.30641014260431965, -0.031513298008932045, 0.804377649066337, -1.039624381823938]
0.957484850010201 [99.04079259621352, 0.35243068597656635, 0.024409275714670796, 0.9035140503868926, -0.9340303476624755]
0.9560204041809142 [98.62069946380234, 0.37027401645107216, 0.025350109277219892, 1.035099018855324, -0.8804602710925584]
0.9559291458582142 [98.04623166028827, 0.37930835420600006, -0.004102304383209973, 1.0266418859658404, -0.8744169660282424]
0.955797377714477 [98.0586457173755, 0.38084020469471946, 0.0007754796661140072, 1.0200374567391568, -0.8694579016907915]
0.9557102098536779 [98.35447500328775, 0.38285367294499584, 0.0422307541339204, 1.0142701663037927, -0.8559158227268695]
0.9556222169782758 [98.04035342389955, 0.3858855046216859, 0.012463344527182271, 1.0075686100664543, -0.8549642229631658]
0.9555986042159048 [97.88678514576297, 0.3878918894850649, -0.00015604268015119736, 1.0042506631954735, -0.8547435910257419]
0.955040422196825 [97.11856025125621, 0.4067955887398248, -0.012514208744651978, 1.0015001336006417, -0.8477854612251978]
0.9129309147139655 [103.32880924202689, 0.2810742030397557, 0.027252579593418827, 0.9984957570897115, -0.5821423926815407]
0.9104850484003256 [103.72567572742976, 0.27497184309675865, -0.0032082726690295708, 1.0015012603484261, -0.5686435052301815]
