0.9979776152453728 [100.80822443247621, 0.3143949952146676, 0.04056637711546019, -0.07638674250433343, -0.8763864942670969]
0.9979491487202387 [100.17499051739273, 0.3380510057779964, 0.0877810631330391, -0.08911757637088823, -0.8280600533135396]
0.9969770360868765 [98.0775755097404, 0.3819136391339918, 0.011963104616548297, 0.2043435280355006, -0.7607467465794746]
0.9968439887960758 [97.83652100226566, 0.38693690474673204, -0.000471714550369979, 0.2295381172460663, -0.7513285998124253]
0.9967072278178662 [97.85794042060441, 0.39322497606871865, 0.023415022051228803, 0.24879376794518998, -0.7354103585686023]
0.9965519474811168 [97.35752740183295, 0.39819393659153907, -0.021927484881770137, 0.27299164037779083, -0.7317701325161128]
0.9964703428958743 [97.4898078387075, 0.40152736046488885, 0.0051946742568277655, 0.28159349480385687, -0.7212598230898191]
0.996464259636423 [97.43181131084748, 0.401735809651123, -0.001153949832546426, 0.2838069121061184, -0.7215800295753012]
0.9964642151992845 [97.46302461787516, 0.401716154308762, 0.0023060965932999063, 0.28278555237952613, -0.7211899814323455]
0.9962449488871924 [96.88281480075281, 0.4122288486603925, -0.029462018097705916, 0.29292113451173163, -0.7134594639637433]
0.9959056608646474 [96.98941734245004, 0.42023816951250814, 0.0020174912677346545, 0.33848235632405255, -0.6874294459222665]
0.9958875890869063 [96.8827410482634, 0.420745442998975, -0.01009626572052983, 0.34457099289712795, -0.6875514946740182]
0.9958099630392167 [97.00712547231083, 0.4190686278033493, -4.4775466135051284e-05, 0.3531319000512804, -0.6833870962025583]
0.9956241624512715 [96.740109348068, 0.429638260690017, -0.0020836653645829634, 0.3641124299070473, -0.6723884075915088]
