0.9772850824108333 [99.96405859065787, 0.3987018432685535, 1.0752120400776255, 1.0015052530501123, -0.6333106271859719]
0.9772684186094301 [99.60881104118792, 0.407602251520107, 0.906660908923878, 0.9984957164898137, -0.6392137695322113]
0.9771964302278151 [99.50081132103543, 0.40817608472321554, 0.8768661677766452, 0.9984780617765023, -0.6439088279796357]
0.9771954315994418 [99.53024259372371, 0.40819973725428027, 0.8800112739013279, 0.9984757096286518, -0.6440611939513665]
0.9771703090491767 [100.77921108373653, 0.40190463649190367, 0.9984744717798334, 1.0015089297494106, -0.6075061499757596]
0.9769694371327455 [98.61043885151057, 0.41062027009481417, 0.7798946624695858, 1.001521986671872, -0.664912001277767]
0.9768746872336543 [98.39210678406936, 0.4089651568662531, 0.7509108854102706, 1.001501737049721, -0.6741784757278131]
0.9768744784672092 [98.34824728433829, 0.4099688656354766, 0.7479333956149372, 1.0015070117849816, -0.6719071237361239]
0.9765060328391987 [97.51665855245028, 0.41229093804944794, 0.648726052518197, 0.9984927828489034, -0.6921788725443512]
0.9759999934584859 [96.64108325703094, 0.4099675275198109, 0.5404692158033209, 0.9984928500474164, -0.7155451129760322]
0.9755429161837211 [96.11028714035858, 0.4081489761778946, 0.4683241496678716, 0.9967866073585423, -0.7327116910913278]
0.9754373695454535 [96.57838254494405, 0.40753715867089696, 0.5388511091355312, 1.026823371793752, -0.7458393094080582]
0.9728318786493645 [101.34961070498476, 0.3789586663314095, 1.0182541512403462, 0.9984878353098209, -0.5423237954320796]
0.95850107468481 [101.31265418124313, 0.3182948323126257, 0.6907274181429133, 0.9984979057837818, -0.5406835072076979]
