0.9988961730997108 [52.150489911840126, 0.5295701882301078, 0.10768080652886233, -0.5559621527419404]
0.9988140292939054 [52.110591704988416, 0.5338240894818297, 0.10763804736748477, -0.5351049289513898]
0.9987525357070559 [52.1463445614406, 0.5295284938282485, 0.10783722881764923, -0.5239878746976894]
0.9987150661912246 [52.023883544853774, 0.5425399317179762, 0.10747113680122487, -0.5273805995783176]
0.9986331060900907 [52.34371721174473, 0.513476905817301, 0.10803351504143703, -0.5235374133435396]
0.998624859893584 [52.19720740484629, 0.5235653168039881, 0.10809037267325453, -0.5140729672345172]
0.9984225439546331 [52.26914587665371, 0.5188697818621204, 0.10812773271038995, -0.48460534978072856]
0.998383819124655 [52.372559946669476, 0.5100333957676509, 0.10821676698456886, -0.5029251369226642]
0.989996894825323 [52.06294035852708, 0.5108276433253743, 0.11040763988485856, -0.5160572379970246]
0.9602427715776047 [56.65552197008678, 0.3137356540671923, 0.11383993825736383, -0.2279393178652801]
0.38145885285324344 [80.65136998788873, 0.23749037504775092, 0.07357208678405568, -0.3623076495634916]
0.3675017433200449 [74.61154087041956, 0.30940643252986516, 0.0793534990458572, -0.600279385492281]
0.2992024686748145 [78.34842753635547, 0.05724280757488795, 0.13804105135485278, -1.1074575878570552]
