0.994354445464355 [89.01924550386977, 0.633992559284944, 0.20418060570152508, -0.6060457481702637]
0.9941130825308804 [89.2280438385352, 0.5666678654514118, 0.20770020463458178, -0.47921815156292147]
0.9940930923125945 [89.17745172660904, 0.55439131683319, 0.20841515734955962, -0.494836057128086]
0.9940763579000834 [89.79506624633915, 0.540160217725249, 0.20645105745973893, -0.5048848512282519]
0.9935576424393839 [90.8968652095629, 0.5148185597931245, 0.20372287496929425, -0.5346206430105167]
0.9934120545080742 [90.73004661518449, 0.5078747194521942, 0.20493436009061594, -0.5343005405054619]
0.9932389338107582 [90.62091099839424, 0.48057697255055615, 0.20650151064389932, -0.5730415889655686]
0.9931639750584896 [90.02261209200086, 0.5196204716401298, 0.20708212555514016, -0.4952575968800659]
0.9930617969120543 [90.12080572956191, 0.4971246050578466, 0.20771891067787102, -0.5355066583987567]
0.9928555027053954 [90.62814581119486, 0.5070094471612747, 0.20558954690239434, -0.5176092216793]
0.9927011063258807 [90.37283906865474, 0.49710009364365715, 0.20689468080233686, -0.5210281545732114]
0.9921532440961609 [90.56273709455331, 0.5084704775427824, 0.20593030907619242, -0.4806579715502578]
0.9892781780896209 [91.80980387214245, 0.48158200160365827, 0.20314013838940842, -0.46412498267412977]
