0.9992905189188048 [52.52370106613755, 0.49791237019090895, 0.010869440934283627, -0.4759796537673523]
0.999086897103093 [52.46678873782414, 0.502066511920668, 0.010949881754976363, -0.40907942262290403]
0.9989120263496487 [51.87028396635732, 0.5504398162045189, 0.009609781217676815, -0.606969944540624]
0.998904743662876 [52.92004660507822, 0.4716145858778883, 0.01142991022023346, -0.46913372819030547]
0.997462134577081 [51.28964020917006, 0.608178541134798, 0.008956022032488072, -0.6664253562495895]
0.9970266738431054 [53.67619378164689, 0.4289834919902725, 0.012378462887347848, -0.5074114906877438]
0.996070432973863 [50.98342850312457, 0.6498823982335358, 0.009413186662136978, -0.2975146018168239]
0.9916130176910547 [50.04352452437655, 0.9559088151133895, -0.008048096508150976, -0.3346112319583185]
0.9828956231093846 [52.602993851541555, 0.47461230051050163, 0.013443811117084703, -0.5172212661525637]
0.9814583427878852 [55.5245648127283, 0.34923289588634887, 0.015823728587264413, -0.47376622014039016]
0.9793705162772649 [56.133270928673966, 0.33410484683416564, 0.014470988509789073, -0.8668371598012576]
0.8180796045555279 [53.77716525760309, 0.4859975914890753, 0.004077978113650099, -0.30155584452963335]
0.757037562241564 [53.40382110216089, 0.5346875381678005, 0.0019274621615112749, -0.205506307213292]
