0.9985189969056197 [77.37025086552963, 0.5058181572130153, 0.01162537425039863, -0.501167744427797]
0.9984771999171411 [78.53998686865373, 0.4414326284936141, 0.012749405368123114, -0.6326306551168821]
0.99843327339308 [77.57557893397515, 0.4999157102219228, 0.011095295631570756, -0.5153839389896723]
0.9983932584415689 [76.97532641311457, 0.5252580957969363, 0.011689701747901404, -0.5119542286535825]
0.9978459159070541 [77.77585439549918, 0.4935097856079778, 0.010718289559720599, -0.5072040297724718]
0.9974582713096285 [75.46915337170796, 0.6641007693782147, 0.009683420613853407, -0.5246508824760668]
0.996627994077811 [75.47312117589254, 0.6593780118644847, 0.010582332403847674, -0.4132345195244723]
0.9964603806262606 [78.68837090492892, 0.427695831558337, 0.01491156935196411, -0.4650369605293013]
0.9936091715860516 [81.01491480785201, 0.3479747026238261, 0.017007440075160106, -0.5775368388786141]
0.991641575281063 [76.86398074542505, 0.49849875517579556, 0.015139542249571335, -0.5168246617403145]
0.9894912556368024 [78.1883095634141, 0.5012652682759915, 0.007659572260764792, -0.4966736989127886]
0.9877511387990753 [77.90254937159469, 0.5236542895755691, 0.006871350658991174, -0.5016510154958629]
0.9780324025659182 [78.32160843792963, 0.515600017081658, 0.0054495470509041116, -0.4840382497525225]
