0.9960240992269954 [51.72867483300056, 0.6297246961958857, 0.3010487712242371, -0.5550849561913462]
0.9956900923635053 [52.026873216011865, 0.5498808409311249, 0.3032201521670165, -0.5637195347974546]
0.9956423830909095 [51.66169027921339, 0.5771009435596484, 0.30373984893100237, -0.550329313079159]
0.9937053039298691 [52.27151111284263, 0.5486493032100124, 0.30258332088774814, -0.5253771001825125]
0.9933856669602942 [51.890914589401135, 0.5829242434215972, 0.3027209305718982, -0.46770950129356315]
0.9923614495412586 [52.33995899361524, 0.5423065826034769, 0.3025054221382642, -0.494121269307185]
0.9920035772475819 [52.25504932211494, 0.5367337862438195, 0.3033879657619626, -0.4931778315001981]
0.9918538398689294 [52.548574233117506, 0.5290304103113529, 0.30244113136590334, -0.5092081567534128]
0.9916372282545043 [52.72728491883566, 0.5329396306603896, 0.3012643402904974, -0.5062796205571614]
0.9910893529183546 [52.34444538538668, 0.527206509343283, 0.3035271303623689, -0.48719972490883257]
0.9897959111941443 [52.8632287296159, 0.48830202421439295, 0.3033236737968237, -0.5465671920104647]
0.6242612568396012 [81.2910782688437, 0.20440980428908473, 0.2212761937322837, 0.11503885577880041]
0.47172941127790935 [77.04418901154725, 0.2500023855334975, 0.2260155951293881, -0.4711786909075719]
