0.9981842450754994 [76.91668497781912, 0.5343635533052087, 0.10895361607801086, -0.5613080782554657]
0.9979583385617075 [77.1518942819273, 0.5195163990798413, 0.10910979977549198, -0.5333829554491049]
0.9978043817609458 [77.1477672066843, 0.5185295178821465, 0.10933508272676415, -0.5196928020433236]
0.9977095457911574 [76.70840231782336, 0.5733523727172076, 0.10742537613493869, -0.5204488332018592]
0.997526625008701 [77.46750039593573, 0.4889482009669167, 0.1102592527809132, -0.5334166192004435]
0.9973284036264976 [77.62379304128382, 0.4810001025889489, 0.1102510310049861, -0.5209919140506909]
0.9970428080157225 [76.75585701755648, 0.5695222981621939, 0.10794334449742485, -0.43808034240409083]
0.9969173947429315 [76.51388379977269, 0.5653758916152603, 0.10959317954932281, -0.4247629318644549]
0.9959785381715105 [77.6873952337175, 0.4644595912713274, 0.11190944135198788, -0.46831734759106336]
0.9931234966680704 [76.42524693109192, 0.5301713039921132, 0.11233647113343523, -0.5012582515435133]
0.8832432270602038 [80.67172669715819, 0.5241584171405966, 0.09302627433143745, -0.4555681491322696]
0.16860145128643034 [102.1790070204668, 0.03050322585386752, 0.06247296067030863, 0.07802277371690725]
0.12412354073209231 [81.12614957192858, 0.40414774955628896, 0.04025056519396142, 1.249895663342802]
