0.99533874043873 [85.94799365800023, 0.42896983121598853, 0.31883965243884527, -0.5512076808593003]
0.9952814626583942 [86.06889988579957, 0.44911816835678176, 0.31772841712920297, -0.551913990365487]
0.9947889073882202 [86.93108843622556, 0.5045082533353674, 0.3144257317785296, -0.5286177689358347]
0.9947164933033771 [87.05428541476321, 0.5028980266968202, 0.3143430322502866, -0.5230138109674326]
0.9947002541597957 [86.97766527118341, 0.4991886630153919, 0.31451860858100544, -0.521203803625928]
0.9945270297270554 [86.92340593129362, 0.5247654267603248, 0.31356665426176267, -0.5254603624036609]
0.9942786542270156 [86.12475708308924, 0.5225980582558909, 0.3155458614178781, -0.5234641868132568]
0.9942697924955577 [87.39104225530964, 0.5130932613788366, 0.3134637395210736, -0.5075551697072531]
0.9942220444067551 [86.67720098649647, 0.5224424292563203, 0.3149471749252448, -0.5073026349142128]
0.9941348485332828 [87.4551486521286, 0.5307199932374032, 0.31279391123561695, -0.5082630977738851]
0.9940204524358262 [85.39726232519294, 0.4916324475463225, 0.31838251306593274, -0.5082685011071895]
0.9938903018295578 [88.25789114314297, 0.5236581034617566, 0.3111890965101664, -0.5149312026646783]
0.9937281854171577 [87.11103998640223, 0.5181210362616153, 0.31441812848904804, -0.4796943527542172]
