0.9991558348158311 [39.93224960955739, 0.5040180497736634, 0.010602818367346998, -0.5140604969265498]
0.9991051028843373 [39.707898931863326, 0.5260033648426367, 0.010157356182639864, -0.45792634543102273]
0.996821689424769 [40.76706288488441, 0.44305547863879513, 0.011509289199296545, -0.5853570568432218]
0.9951326594911803 [39.014769869897734, 0.6020747193530065, 0.009390786747906204, -0.5634794299218853]
0.9891725281273199 [38.466571040878996, 0.7018501181737263, 0.008333166051725786, -0.6150267295525995]
0.9890556979692067 [38.439357497730235, 0.7054537989467722, 0.008463709043385333, -0.6017975679953124]
0.9878768658741129 [41.38201856592465, 0.40529612299616585, 0.012630172156974429, -0.6825556024845154]
0.9669149090425554 [42.21809626855503, 0.3640684976864198, 0.014168460470080423, -0.7135805903790999]
0.9596038557435056 [42.73876295449994, 0.3452575373786394, 0.014858434710978516, -0.317981589294683]
0.894930126257371 [38.24912372333971, 0.9058076098991908, 0.006843998591744952, 0.8244465475455677]
0.8507758629799219 [38.2765804640552, 0.9705514738373209, 0.0054112706257991704, 0.42893650578748277]
0.8288602342785348 [42.18721517466409, 0.3974125870251364, 0.007734438941297182, -0.3578554320888574]
0.7221224030871095 [38.92127066376109, 0.7173366495160127, 0.005072275067105939, 0.9986996203701759]
