0.9938338298966752 [62.41022398739807, 0.48993999517644826, 0.4109129993875532, -0.5767821472931554]
0.9938185686133025 [62.400655119471026, 0.4621015017087242, 0.41171138056074785, -0.5698262089854247]
0.9936879549536997 [62.48177569465791, 0.4384152776733483, 0.41228026175123633, -0.5591568232342212]
0.9935389757998792 [62.50927590219004, 0.4321376224054379, 0.41231648372665614, -0.545415574468195]
0.9927492191577255 [62.447769435835866, 0.5337887478811765, 0.41052274591173554, -0.5234523043963715]
0.9927375993573871 [63.55074406403088, 0.49824199616370185, 0.40775373169263573, -0.5363283557047558]
0.9926297384790479 [62.43429078587767, 0.49614895999375985, 0.4112978847511447, -0.5074749015588671]
0.992330780881366 [62.69069818736749, 0.5057055162496176, 0.4107583778072006, -0.4962806741836524]
0.9919300813217361 [62.22989096914037, 0.5093059872422923, 0.412244206670487, -0.4818673609719457]
0.9913121124985618 [61.320779042235294, 0.46443801140497065, 0.41610612581784334, -0.4903045155384949]
0.9907316678136028 [64.47096532230361, 0.4917347304227948, 0.4054727566490028, -0.5233101760644774]
0.9865742112683673 [65.34370282237624, 0.4879429986788919, 0.4031078422254252, -0.5014487103506526]
0.9849238568833114 [65.74486395056486, 0.49334446774194735, 0.4013479293280364, -0.5166214292140645]
