0.9943283236434104 [63.98338645263893, 0.6495446739053813, 0.3018904768287748, -0.52272456522761]
0.9942080459887027 [64.08086439472544, 0.6295302821323838, 0.3021718343291738, -0.5215572591252244]
0.9932469038515116 [63.302965152172284, 0.5505777191561709, 0.3080128613266455, -0.5368393211095318]
0.9922810234218401 [64.84840170630049, 0.6581770966446223, 0.29723571437050805, -0.6149347453012253]
0.9922771480144356 [64.79607075088529, 0.5999054663198065, 0.3014300521693184, -0.48299534672718303]
0.9915674013782378 [64.3182459548751, 0.6122205139729654, 0.3027044673365201, -0.4537628098934313]
0.9914236116662233 [62.66369212808493, 0.5320364829144693, 0.3116454550718104, -0.5444058184801394]
0.9910919564402424 [65.9816266119753, 0.5569659041594714, 0.29900114231671493, -0.528246565170182]
0.9895864013026082 [64.26431012984395, 0.5233565855289082, 0.30690625466326693, -0.4904387934197362]
0.9891805630392925 [64.32529207369313, 0.5084100887437965, 0.3070794768076928, -0.5085595560843726]
0.9886909519111081 [63.24359839411525, 0.5748688734599685, 0.30895123865844554, -0.44763285120078966]
0.988130732527492 [64.31627121413399, 0.5137973939242502, 0.30717916704063286, -0.48348771293362836]
0.9841985209024376 [65.39161110291681, 0.5045542434800369, 0.3037245257607056, -0.4767899623044576]
