0.9988460909869877 [64.32303213721183, 0.5475249855423532, 0.009750742506433801, -0.647955472147919]
0.9988226924658757 [64.98249580647978, 0.4990882452347493, 0.011380147031900323, -0.4890631112816363]
0.9984085636725883 [65.7521601545123, 0.4557501084961214, 0.012371293181797957, -0.46591852785320664]
0.9982846042316592 [64.55323093701244, 0.5224751721435139, 0.01151805490317569, -0.47945353511177247]
0.9980856590052423 [65.12618596060564, 0.49924734122956055, 0.010368342462328622, -0.5055343234991192]
0.9980423976642803 [66.06773902681118, 0.44233737532759276, 0.01243123500890379, -0.4528820489601072]
0.9979991258474334 [64.71120353149155, 0.5179717946416678, 0.011578594674681744, -0.3218295176899757]
0.9979601051266417 [63.43815876258012, 0.6251854429853682, 0.009197603048237342, -0.6496867353441849]
0.9972150656151918 [63.07280378822823, 0.6708254504184977, 0.009407505161784277, -0.5034019106853669]
0.9969127281181812 [63.686728431791934, 0.5860524862700165, 0.010047755007306779, -0.777144490509609]
0.9462872007416672 [64.63250672801047, 0.6036168128778904, 0.003739094466434781, -0.37801669321922976]
0.9024619812276541 [65.22872703018967, 0.5853793160155842, 0.0018256936311176733, -0.28331697560937824]
0.8084647944023257 [64.93779557240018, 0.650265931916209, 0.000531770630046788, -0.3609063540418682]
