0.9962974561594895 [64.6488753872799, 0.5334660157284479, 0.20595844484554274, -0.5258463966749405]
0.9956994980927726 [64.82925662398804, 0.5162802594017626, 0.2062453850896659, -0.5232647254859639]
0.9954376211973127 [64.4767664712214, 0.5601000551053623, 0.2055398660085666, -0.464853173573502]
0.9953891185332202 [64.7768431632341, 0.4996206525616242, 0.20770883096892112, -0.5302012593011243]
0.9953718506683314 [64.80326338174186, 0.5095031279887794, 0.20694557553476073, -0.5138985057856957]
0.9952978994757831 [64.77408148320626, 0.5105216533445205, 0.20699466701324928, -0.5108029353146537]
0.9947796948796603 [64.76710241520388, 0.508286374322346, 0.20734239772773122, -0.49284818625427973]
0.9947414983516544 [64.63691140389963, 0.5296931458535948, 0.20673209861255387, -0.4640354370857885]
0.9946489351358592 [64.7821952396792, 0.4934847595099468, 0.2082680696360153, -0.5153427232662564]
0.9944483980795787 [64.6580054491067, 0.5221659842381801, 0.20707240070730992, -0.4618509193014717]
0.9944126911132637 [64.8851769532977, 0.4887463074038002, 0.20819614972144246, -0.5183156603683974]
0.99398883296105 [64.75843231293246, 0.508934895622652, 0.20748229836350285, -0.4657589391721977]
0.17372535154906432 [69.90047546522817, 0.8865413878686976, 0.12144000924504837, 0.1995417318739701]
