0.9976759632775855 [39.5886231335994, 0.5513036380663239, 0.20449663663634163, -0.5189824883006271]
0.9974289844642068 [39.836606415536394, 0.5203945587709742, 0.20502961212709542, -0.5338955640432717]
0.9964606288846456 [39.78139075967127, 0.5230294150248431, 0.20539561530610406, -0.4851705605829094]
0.9963513176231145 [39.8803546239475, 0.5180502502423765, 0.20490987418182743, -0.5102496018300174]
0.9958125287756308 [39.897509192826334, 0.5097507712898366, 0.20564997139283447, -0.48689661456021904]
0.9954145866781096 [39.950253019221314, 0.5044585933018504, 0.20572693065373054, -0.48599387117239545]
0.9953709045837718 [40.043852988501506, 0.49498309693637965, 0.20583189454459153, -0.5141594203836208]
0.9951994949880457 [39.95971192242432, 0.5062726997331439, 0.20551837796730993, -0.4745290299985482]
0.9950344409315032 [40.05999456489067, 0.49449880561970505, 0.2057654673162756, -0.5037298804631334]
0.9941312180861496 [40.027337748359784, 0.49375951630254034, 0.2061836068498098, -0.49125910799891104]
0.9934798698792079 [40.09463639999884, 0.4883037952376553, 0.2062086758069056, -0.4807486377821922]
0.5137474863431911 [45.374297944812966, 0.4079722332357166, 0.19134856732906058, -0.4097560912094529]
0.322716766437654 [55.71766358024533, 0.6543490196960398, 0.16603297242066767, -0.33627372666155775]
