0.9990054630175623 [39.68958271713963, 0.5305245639059031, 0.1074424837029368, -0.5437691029235667]
0.9989119590737644 [39.8705714255048, 0.5121523564831294, 0.10779707243753361, -0.5209505779636976]
0.9988230224151345 [39.79945979375579, 0.5191138194618816, 0.10773200467698849, -0.4964037323067082]
0.9986372056376218 [39.99665033317188, 0.4991050248351498, 0.10814149589279408, -0.5201686681191877]
0.9985244416348865 [39.95548918785778, 0.5049966170878513, 0.10787427365395183, -0.4941859800399546]
0.9984895296380774 [39.98575791784313, 0.4995080277939926, 0.10822060081074894, -0.5087996263865733]
0.9953149940573056 [40.547437197341836, 0.45448905438208764, 0.10900745957613803, -0.5061482446752614]
0.30422807184014067 [51.46513437137703, 0.5631657458267472, 0.07676415865045776, -0.19918434023978523]
0.28643040118480245 [57.94089664003917, 0.4103493082140184, 0.07336411983494745, -0.26705772842653863]
0.17419270929932473 [33.20378809373183, 0.3231736448290582, 0.11756095534646144, -0.5461210092771305]
0.08642616996824515 [31.864844044388875, 0.13534741823718477, 0.11343011166775607, 0.01654563636725516]
0.07035373186714733 [39.88201258808898, 0.5440196531511841, 0.0773593845162974, 1.736240569906852]
0.0477339234510763 [39.7410126129754, 0.9938039794686092, 0.04730210100172387, 0.2936953954922962]
