0.9960424270285739 [76.17033673746066, 0.5403041156605134, 0.3075599531439082, -0.6410582145351369]
0.9936528599801698 [76.98289843983011, 0.4931426264753471, 0.30641074371351057, -0.5448159283751394]
0.9935232016940652 [76.96348602353568, 0.4644919996752287, 0.30731508568706123, -0.5521147869834204]
0.9935067012963098 [77.09207817367258, 0.4907416269433629, 0.30600637360395044, -0.5315440412696686]
0.9933346851349065 [77.1403831017089, 0.5074261161996596, 0.3052887403794905, -0.5207273352181699]
0.9932407439684552 [76.25959464145143, 0.488581251700855, 0.30954306721250513, -0.5257960739389225]
0.993199935257131 [76.37238266539848, 0.4934657793356197, 0.3089554590539304, -0.5134101742323807]
0.9931419492418612 [76.55533978036691, 0.49988194866779617, 0.3081592845754757, -0.502015209998413]
0.9929899646390811 [76.89227074383935, 0.47843444942199764, 0.30737262995826997, -0.5163990834359061]
0.9928955014343256 [77.24755739311402, 0.532371298973935, 0.3039882456539068, -0.5388386095429627]
0.9927372251804129 [77.27929965453889, 0.48233889750757514, 0.305529864499472, -0.5212985827771937]
0.9920764437717957 [77.80626356679689, 0.47495717920340985, 0.30376381224251314, -0.5253593313145342]
0.9914343439507575 [76.57403130044534, 0.48336851635355693, 0.30884740720625814, -0.45857818830262287]
