0.9981607468972665 [64.5587778108305, 0.5319549158730414, 0.10840279354140694, -0.5258431116619482]
0.9979914490198551 [64.81896605991409, 0.5059211994768933, 0.10920376629835049, -0.5491452628712148]
0.9979669433076784 [64.21052205707176, 0.5572017887951013, 0.10839633309849442, -0.5170508576361525]
0.9978857803572778 [64.05465310271757, 0.5831933331650929, 0.10743315595890152, -0.5038267028064778]
0.9978563203549583 [64.81970744229815, 0.5078717813775706, 0.10914075797000868, -0.5223591708733364]
0.9978470656348251 [64.97144522146272, 0.5019574581337414, 0.10882524839099023, -0.5274551106768954]
0.9977198724281263 [64.95138339088835, 0.49973521062577886, 0.1092028932684111, -0.5196871587020476]
0.9976762352816674 [64.9750081838518, 0.5071170095435686, 0.1083891575587218, -0.514320388765642]
0.9973632230204426 [64.11571333140799, 0.566410828118278, 0.10864241082135455, -0.43515607193127825]
0.9971415547141862 [65.26559834107061, 0.4838715247330372, 0.10913562220692868, -0.5058350738861567]
0.9958201449787385 [64.32370455464837, 0.5569775381293327, 0.10884792324242318, -0.2931696375715109]
0.9897759160796191 [63.10391523797369, 0.7337765958062973, 0.1087259423738197, 0.11451165076334321]
0.9856814668513243 [63.874749680231794, 0.5242152038495719, 0.11306781308680489, -0.5086091000925128]
