0.9977081055070118 [90.24192431690699, 0.4768570488351309, 0.10981088750774694, -0.6136237168675286]
0.9976125446330687 [89.32454111256527, 0.5337887521859711, 0.10992207453471374, -0.5425441717099821]
0.9974079287193783 [89.79230955819494, 0.5018814671710113, 0.1102752657929657, -0.538245252651798]
0.9973217583991528 [89.85354115347705, 0.48355099062951273, 0.11122730009164829, -0.5833058196403718]
0.9973124493783474 [89.55056127042755, 0.5391052366220015, 0.10875745220216698, -0.5127863886754223]
0.9972779901798652 [89.79872044681535, 0.516816738853175, 0.10929703781910546, -0.5254312575941353]
0.9972674315424703 [89.53276437385365, 0.5337887520416343, 0.10931390313819883, -0.5029018953759585]
0.9970195268434993 [89.02539532680035, 0.5569094513701216, 0.1101860498114726, -0.48289636628475]
0.9969744922623235 [89.27771285200691, 0.5337887431213716, 0.11058323316483396, -0.4831902771633775]
0.9967178556964302 [89.97284216500017, 0.5011468813331585, 0.10999305338463122, -0.4800277802369164]
0.9963262133823583 [91.00837756583658, 0.43411592976995783, 0.11080718131167655, -0.5890702089096351]
0.9961951843374021 [89.01499336562279, 0.5761141056202224, 0.10972193546929976, -0.40497297925543835]
0.9949766582564195 [89.0646397299665, 0.589302682897629, 0.10940108328454323, -0.32260230104088916]
