0.9981895138511017 [52.0035552330566, 0.5495339274849661, 0.20490283889139846, -0.6056066566652196]
0.9973713128266135 [51.92689378642721, 0.5563200336153356, 0.20521909894409965, -0.5361088468069994]
0.9971386239439834 [52.10577471747493, 0.5394381639548433, 0.2053446894482841, -0.5300865786609135]
0.9960540372855333 [52.44756870828837, 0.5024339236416815, 0.20617577493028422, -0.5438845404208967]
0.9958107471555063 [52.52319720033921, 0.5004699651546902, 0.2059565569462638, -0.5384236820949775]
0.9957755075815532 [52.460923185205644, 0.5073631717507596, 0.2057391690910913, -0.5224833871558883]
0.9954078120189985 [52.285295362481236, 0.5246464260786514, 0.2056259571469471, -0.4737333974407292]
0.9951052038888578 [52.53172812955576, 0.4978878846843675, 0.20622737285953086, -0.5189833497127996]
0.9949622535348933 [52.53536636102633, 0.49079183465615317, 0.2067548986907217, -0.5383819608750817]
0.9947182247720312 [52.65726008284827, 0.4916393937381127, 0.2059546177532205, -0.5227514727767866]
0.9944895313129464 [52.50284392222298, 0.5000027859133958, 0.20632002392589593, -0.49328431441336745]
0.9914834915056818 [52.97839297845097, 0.4707920650764371, 0.20620532417449097, -0.4917985285382136]
0.9899565889093441 [52.97868623738112, 0.46250950845938543, 0.20717015565790348, -0.47699073973463313]
