0.9934398866027448 [87.10139472616342, 0.4627252629675288, 0.4271683018234482, -0.5410795300573757]
0.992989159940167 [88.58597222683142, 0.5002566839420418, 0.42730021303660404, -0.5230552381992024]
0.992861515494717 [88.54971240264692, 0.46462784852511785, 0.4325920907830676, -0.5075858425428209]
0.9928199183393125 [88.11401572149761, 0.5062459135300614, 0.4194291508563116, -0.5345871647116908]
0.9927433098555521 [88.30583877232827, 0.5053829940896747, 0.42471120045124033, -0.5206568856004749]
0.99267128526056 [85.43619682311677, 0.4844110624987624, 0.41622968358998397, -0.5387813693586603]
0.9925197497148494 [87.7806830563806, 0.5065462472733808, 0.4217868798938817, -0.5147955671736246]
0.9924654670988513 [87.96985785854838, 0.5197185535252367, 0.42128021913894487, -0.5174641131261735]
0.9922715771443724 [89.21577956460077, 0.510245613193383, 0.4274797418283414, -0.502748644404019]
0.9921334867018553 [87.04651052420964, 0.5187930071708968, 0.4169889614700203, -0.5153840195614803]
0.9918951836768348 [87.39943313183915, 0.49522253680437217, 0.425202665516004, -0.48463132189494373]
0.9913035846213208 [87.96722610543333, 0.538837448483656, 0.4219404204374235, -0.4846286084363953]
0.9911156462930848 [86.04824019134634, 0.5164045556478163, 0.4167472454945066, -0.4854944709943646]
