0.9983468130023394 [89.88099429602276, 0.5113593300571775, 0.011431567056125, -0.5086196982796584]
0.9981993787964691 [88.94338407477804, 0.5663384537788592, 0.010908224441779264, -0.5208149138389839]
0.9973673769129903 [89.63605635292313, 0.5003888041862601, 0.013663504925126805, -0.518397437078062]
0.9971172651985009 [87.31282574952431, 0.7055113825061212, 0.009449789910422642, -0.7134726887400638]
0.9967417646199023 [87.28293529366911, 0.7412524716479905, 0.009758914125870537, -0.5097850979470158]
0.9955649522872776 [89.36359771397036, 0.5004269369080006, 0.014935216941223954, -0.5137917817527733]
0.9929489897904193 [95.39565152947655, 0.309726372514703, 0.01805424696217431, -0.5630515940214111]
0.9911439428019765 [89.09830714617345, 0.4937509170548884, 0.016932610195800453, -0.520607410999192]
0.9814748312940241 [98.30994629785289, 0.24028716338617762, 0.025714280148013482, -0.6598047314869699]
0.9771942910992645 [91.69150500240264, 0.507926728143088, 0.0033078206025694366, -0.482821624850064]
0.9742876310173223 [87.96806815232418, 0.5090363279447385, 0.02091168052762772, -0.47183199244340435]
0.9656554489631384 [91.96197738496767, 0.5183343268494731, 0.0010853649287578438, -0.4926961241505694]
0.9480193271002031 [86.89358867410857, 0.5195483943537825, 0.024897817028554817, -0.5215603794297929]
