0.9958528885628828 [39.57954341773858, 0.5633543477962211, 0.30218252609320523, -0.5313114056033372]
0.9952287147241743 [39.79042822135813, 0.5093839102590434, 0.3039622682636206, -0.5848328511668193]
0.9948985450743592 [39.64494751298842, 0.5413098275970167, 0.30304260315065934, -0.5209853715053352]
0.9944091234247414 [39.66971674622625, 0.5395151331234439, 0.30297857489073, -0.5046840177572551]
0.9943524327153045 [40.00380364087011, 0.47633646258844514, 0.30483223106211543, -0.6269012685801582]
0.9941691143954121 [39.65316202762702, 0.5482666361762529, 0.30259645477058517, -0.48826316811952775]
0.9941414556301363 [39.52859159937073, 0.5583327283442232, 0.3029694973333587, -0.5041192365391007]
0.9921002975094487 [39.85331823099539, 0.5117303082942039, 0.30348924752690015, -0.4940330565306674]
0.9919768312855072 [39.79799036424006, 0.4967707969287384, 0.3049532594164603, -0.5518953321092549]
0.9915636209528697 [39.82016897183635, 0.5090880957090614, 0.30397134771456424, -0.48453038419342226]
0.9914660162126281 [39.82732490170897, 0.506351772095738, 0.3040938842358004, -0.4929360142342536]
0.9892735963547343 [39.95731359767854, 0.4923663749325484, 0.3042442598325026, -0.47877135283288214]
0.20290240128761883 [43.43270134599939, 0.12393389739888983, 0.2973496831914154, -0.6183979347610842]
