0.9941903781846412 [51.95913690341258, 0.5818399090214387, 0.40007963046059924, -0.6149511020424545]
0.9934352119385459 [51.55237404873087, 0.5396676484088314, 0.4037110032506541, -0.5740779334369104]
0.9927324765849902 [49.81475964908357, 0.5353205587217021, 0.4111414338762831, -0.5670915397212317]
0.9915578113824776 [49.42055825986491, 0.5376803465931179, 0.4128090791870399, -0.5447441202729453]
0.9911577360842356 [49.69782183969181, 0.5342631973003529, 0.4119273724757595, -0.5199829168154205]
0.9900900623178676 [49.83835132741031, 0.521758709508654, 0.41188943397166544, -0.5122755742868209]
0.9900183997092065 [49.93105142451905, 0.5426334022633768, 0.41069821586909794, -0.48284384136978553]
0.9890997845549894 [51.01326820303662, 0.5169760959810912, 0.40715160284125784, -0.5202965779108792]
0.9875923454593801 [49.36983988995621, 0.5133200996387535, 0.4141654657187459, -0.48687994132999646]
0.9870542230957241 [52.54346968161062, 0.5243267898376787, 0.4007138515447837, -0.5597534127113699]
0.9854403930806998 [53.30985209030471, 0.6570669100149218, 0.39311577809589526, -0.47639025015189296]
0.98353082320463 [52.46887944310402, 0.5164739667335682, 0.40118031298830503, -0.5076999116421176]
0.9765810764066329 [52.655013826606194, 0.4851807118840399, 0.40185894787011356, -0.5174093395339312]
