0.9939802667499772 [39.049128377891506, 0.5883039000304847, 0.4021707931126497, -0.5557887010621783]
0.9928688974059783 [39.65138413345719, 0.6171585998118208, 0.3977389387845196, -0.5604123635161664]
0.991755588087837 [39.009059559360274, 0.5585165941511965, 0.40373359255661123, -0.5537300698229749]
0.9912373718586412 [38.953814587140734, 0.5471733053172827, 0.40443445302029524, -0.5778979528166449]
0.9907511049787407 [39.23797844505103, 0.504754886381133, 0.4048515685963869, -0.6286536927604374]
0.989113172628015 [39.78665292310227, 0.5203748162009623, 0.4013235277930942, -0.5381946080175155]
0.9874268552672305 [39.5019669193228, 0.5699319201170896, 0.40098350824357665, -0.44088762783653723]
0.9859628126733365 [39.88533336484001, 0.5227741136597944, 0.4010494896098078, -0.5021070228826158]
0.9853133914470276 [40.06858674973589, 0.5242462810474966, 0.39986187369386794, -0.4996869071728105]
0.985280622211833 [40.2216344117186, 0.5393979276791458, 0.39857814919416923, -0.4990264339059661]
0.9848326451155662 [39.81635491500125, 0.507105421214115, 0.40206833713296364, -0.5145559527458445]
0.9792199269988735 [39.94659678868199, 0.4999104639436175, 0.40217354215658513, -0.4941590218018109]
0.4095987629690163 [51.598439541537566, 0.17172097523602625, 0.4291590987200756, 0.23794050342414533]
