0.9956354045595291 [76.58625531379057, 0.5563479772771637, 0.20797114293971403, -0.5094640523969756]
0.9954301456706727 [76.78441803857845, 0.5370542988211422, 0.2082223645127759, -0.5036663737274611]
0.9953784176796848 [77.02095086316561, 0.5086744082934673, 0.20866059423353323, -0.5244035736466119]
0.9952509869841254 [76.81751562144329, 0.5084728973472725, 0.20963662669251953, -0.5243878820083345]
0.9949585250733157 [76.9783990101009, 0.5083266835351345, 0.20907916312212005, -0.5062199994737389]
0.9948397010662887 [76.7265647656249, 0.5244463080834837, 0.2092840430385548, -0.48898253848560813]
0.9948353049400014 [76.65455606359535, 0.5163593917385663, 0.20998002870901228, -0.5076858004773759]
0.9945278599532604 [77.08651499866924, 0.5031134806508394, 0.20899673734847274, -0.49634505680897534]
0.9942512248618371 [76.75100683791209, 0.46383361033812676, 0.21257808623859162, -0.5636450331847322]
0.9929644674042859 [77.2200641074094, 0.5155130619248978, 0.20805370399208367, -0.4436287938455774]
0.9927315455268279 [77.08734666662858, 0.4903778740735919, 0.21023880835627132, -0.45099964353741007]
0.975842779389584 [77.60169090311351, 0.4677672361502931, 0.21243173896846573, -0.16263854250086968]
0.4690188168285392 [228.30462753218632, 0.09909627590844904, 0.0005862111720883392, -0.6173263587465326]
