0.9957968884099929 [73.59232034450613, 0.4486100237653361, 0.4101089850958241, -0.6415820965735901]
0.9954539181959937 [70.58971835078034, 0.3069888803341765, 0.42548662257254494, -0.5549881370640342]
0.9954257476380179 [72.28334015154002, 0.3855682493207381, 0.417383186950761, -0.5734558614029535]
0.9950911269627247 [73.80606464786842, 0.46824409449596394, 0.41099169585488954, -0.6055487725674731]
0.9936843515649706 [74.5473326104088, 0.5002807805786963, 0.41152217627980825, -0.530658854025981]
0.9929870816901467 [73.90263558641935, 0.5166990650560656, 0.41202505157287783, -0.5236231420798043]
0.9927598442800917 [74.1673677320133, 0.49594465432416157, 0.4129072844981989, -0.49360658899855947]
0.9925634010853204 [74.32148271725563, 0.5226946284719827, 0.4116922299228877, -0.4991949960922557]
0.9923919025101737 [75.50605421997366, 0.5188735015890853, 0.4116540063955769, -0.501626839230393]
0.9923348182545247 [75.9224307640632, 0.5133331316155831, 0.4131188080128303, -0.5020877492671454]
0.9922564461074155 [74.6449477882725, 0.5219830430488441, 0.4122935761347294, -0.4884908736385858]
0.9921553866710737 [74.68123635384272, 0.5313502082559799, 0.411717981802204, -0.4908360100062785]
0.991749628557319 [74.44256263035697, 0.5302560968080494, 0.4110102878738493, -0.48043886196336094]
