0.9812145141377119 [64.16485672097438, 0.1764063266821972, 0.10690142843816189, -0.524605036763036]
0.9811560369738088 [64.1159971042629, 0.1773688583223756, 0.10658363176656638, -0.5335745461760559]
0.9811292552063946 [64.36888525391971, 0.1738011213599462, 0.10734589242990247, -0.5205958699940608]
0.9809447585772052 [63.965949773386114, 0.1785537156591469, 0.1069746592829162, -0.44958663514170305]
0.980714400842257 [64.86190047850508, 0.16862527060858373, 0.10776397479984944, -0.5219825652754024]
0.979977682777346 [64.91826338317424, 0.1678370688177777, 0.10809157076579747, -0.4703495806100402]
0.9794733952100669 [65.218699442364, 0.1647493200013056, 0.10826521717610438, -0.5101999407740185]
0.5949035173416048 [75.69898563448974, 0.1314343462478254, 0.09495956045341519, -0.4738408023203836]
0.41839877635369604 [73.19761568258065, 0.21360213511963566, 0.08147976818917224, -0.5018489520887639]
0.41184191129830916 [75.86870804226947, 0.17727991984187824, 0.08595988502275184, -0.6035724604631687]
0.22985992746339434 [47.373790134994955, 0.12840294293591714, 0.13246381913005328, 0.4707299532080376]
0.21820903162535576 [55.99604500306546, 0.08480822350677944, 0.13288443881861536, -0.12640887458600242]
0.12283239187115191 [63.21766625333028, 0.07527172389362535, 0.08592040496585499, -0.5410767656130511]
