0.97302351478582 [75.97354851928229, 0.17980551080130852, 0.20643261453612005, -0.529929948573723]
0.9729842029432545 [76.70411766270868, 0.17611215063306462, 0.20528162464940913, -0.5324840026105013]
0.9729772688745882 [75.96451443227912, 0.18095373246322266, 0.2060258950792983, -0.5184271099977151]
0.9729729337328942 [76.69197394177156, 0.1764418382693219, 0.2051755020818413, -0.5260731872377469]
0.9729464656217433 [76.73086280312114, 0.17605406700646153, 0.20520421814082096, -0.5292594700846088]
0.9729003332224649 [76.73776677925441, 0.1770797804201562, 0.2047840017098184, -0.5210127140363787]
0.9728985576519334 [75.94172237921808, 0.18239836627515113, 0.20607139144227687, -0.44525141190215123]
0.9728904965368698 [75.9372843701008, 0.18279003462742216, 0.20593645973602362, -0.440762328879283]
0.9728880509444828 [75.93773876860934, 0.18192434216979048, 0.20626736686007666, -0.4514238230959774]
0.9722214875498015 [75.71325062460684, 0.17920128157386211, 0.20788792597008718, -0.5233407806224585]
0.972158533849533 [76.16776439904338, 0.18362879444950442, 0.20520991800842242, -0.3732922658832709]
0.9716773119241711 [77.40141696659765, 0.1722843626645956, 0.20447328566960182, -0.5132903633271877]
0.9701108338892346 [75.09465045526582, 0.18231227232280012, 0.20946098981393083, -0.46367902209691336]
