0.9711857063271888 [64.36745245149655, 0.1984276412397339, 0.2981874220508075, -0.4988542474326213]
0.9700501403408133 [64.69826899823317, 0.18755510846142742, 0.29915682552559764, -0.4967548554951928]
0.9695083672464565 [64.44422599920364, 0.17951477636353275, 0.30258800878213055, -0.5067834817650139]
0.9692189481673669 [64.39992550267522, 0.1781847558384872, 0.3031267073691435, -0.5211777847271137]
0.9689678389632831 [64.70742494705064, 0.17951458626106573, 0.30126990527169917, -0.48678674414478984]
0.9686990011063991 [64.65491453274355, 0.17228448085653383, 0.3034116363315484, -0.5176917150495028]
0.9684669486046608 [64.50350305773665, 0.17228449064328683, 0.30421355989384224, -0.5147434883361481]
0.9669336633651414 [64.52995300469024, 0.16852293596682455, 0.305101879221572, -0.5053626214884862]
0.9668669196455076 [64.57732900891617, 0.16839125654811654, 0.3049080829902179, -0.5003457887980636]
0.9653071121334463 [64.89131643896481, 0.1647495973876284, 0.30431760862200535, -0.5250280765364521]
0.9638483796730134 [64.48569123921031, 0.16461311757131533, 0.3064393797253794, -0.48047221750176844]
0.42465501090775515 [79.29446267601821, 0.13618293332632586, 0.3007122342422456, -0.48412443995391274]
0.3792429724546692 [71.68960364010772, 0.07917223569946624, 0.2765648928001374, -0.26713490647641636]
