0.9639934966374316 [90.86844368818763, 0.2012750683558381, 0.43450671238711813, -0.5046045217973865]
0.962822826217053 [89.82281985446755, 0.19569583505982202, 0.4355343927327631, -0.45997279031455407]
0.9627029326205552 [89.76890856572854, 0.1956956065539951, 0.42854076123828866, -0.5053926312766239]
0.9619917823914391 [89.15070484219245, 0.19569552976538224, 0.41978153967816645, -0.519388691164056]
0.9614321851241978 [89.11740074751503, 0.17901940726456625, 0.443800738942274, -0.4981737751568652]
0.9613623404502097 [88.53579033547496, 0.1795148265408619, 0.43214642697208283, -0.5079743066245987]
0.9612903236694622 [88.01885795926535, 0.179514825681429, 0.44021642840051234, -0.45332941210150235]
0.9603915377649108 [87.69167527611813, 0.17228448900213544, 0.4471502091273414, -0.4378165495035806]
0.9603246367557715 [87.47042748545181, 0.1705261634879519, 0.4225571301900449, -0.541435707235491]
0.959791433592807 [86.79378236039851, 0.17302068629952488, 0.429636497693627, -0.47546656383213526]
0.9593467477840184 [86.44123252969997, 0.16413989974848692, 0.4360879065568022, -0.5087565544825059]
0.959004984092939 [86.55441857966719, 0.1617101063195321, 0.43791448189564164, -0.5043613927453467]
0.9588350166374388 [86.01154759597898, 0.16241033406705274, 0.43338368261531823, -0.48776654458741797]
