0.9854522722444925 [52.55211853694753, 0.16599245132777818, 0.010541426256386412, -0.4990047793752167]
0.9846678015660806 [52.25385596763145, 0.1696989771816685, 0.009810987344119528, -0.4871848564485135]
0.9836913558773442 [51.80607589112192, 0.17449970216679284, 0.009396967538463984, -0.5706326061828346]
0.9825739980425381 [51.74790212875445, 0.17553078728986526, 0.009145596164260063, -0.49538974789891743]
0.9752008892369831 [52.38996263368597, 0.1666862083763544, 0.010733615217043371, -0.9145130341785443]
0.9246858511840246 [54.4599327279104, 0.15007698433821323, 0.010518867170419723, -0.5016464277786339]
0.91330362953023 [57.337272857830015, 0.1251989385823104, 0.01552679052309374, -0.6081786044806636]
0.8349407033955943 [48.98428342722616, 0.2190263407260835, 0.0029592776175424336, 0.05648956888947956]
0.8130968973421282 [55.26472311717769, 0.14778681440620384, 0.008979957271387368, 0.6823621776096357]
0.6288713348944192 [54.64468218134625, 0.13619803337505035, 0.01963642358500989, -0.5181956148161923]
0.5454678166880371 [58.48983918235845, 0.13609570430979578, 0.003103630734211194, -0.49860630108279735]
0.30723310984772545 [51.01576998617423, 0.2505547767086235, 5.608524006243687e-08, -0.6357945705345168]
0.06372759963027497 [49.027555470268254, 0.20221166439160732, 0.05017945670547909, -0.8705366319440593]
