0.983623410430954 [64.83580713189801, 0.16836910170825045, 0.010183397537861336, -0.575843039193634]
0.9809831731528111 [64.13822462312486, 0.17639172074512097, 0.00876552917376128, -0.5124458674137539]
0.9804582248791179 [66.00659558516989, 0.1567938905032335, 0.012117046651684126, -0.5530352545503809]
0.9796258237613851 [63.42016482121318, 0.18404853870178173, 0.008049599700370006, -0.5187270396372972]
0.969944750911092 [63.81691370470692, 0.18164969544642706, 0.007064797274776425, -0.5477878834662724]
0.9334905870246656 [59.74789181139505, 0.23600157033519087, 0.0027689913394378235, -0.3360403866572872]
0.6927252167950865 [63.75114933774769, 0.1987374830173735, 0.0004139895739960597, -0.27922216714537385]
0.6566241234844662 [71.0987794299596, 0.1449562809392741, 9.753428109307586e-05, -0.234303086011044]
0.5325270165338578 [92.33034155750211, 0.07404624345731356, 0.0002940976308243071, -0.5927019311729336]
0.35137393819811913 [66.1770705687968, 0.21579665273909124, 2.1269668418270647e-07, -0.7075267195268082]
0.3454608321734425 [60.71045774596894, 0.2934541399388211, -5.907437988172505e-08, -0.43130694509642364]
0.2840089379893451 [69.47340013986184, 0.20938188700261035, -5.020429369069519e-06, -0.7590912945080739]
0.2305127352082188 [75.94621987587229, 0.1943554286429826, 2.922920454782551e-06, -0.3686202418048873]
