0.9705148868735213 [89.28203258068675, 0.1856698162864176, 0.2031909185454121, -0.5158429186954786]
0.9705126783060238 [89.7887667334895, 0.18204425095709836, 0.20313139142372716, -0.5094284398141691]
0.9704737284516985 [89.1369103142396, 0.18584339470211508, 0.20404665374068537, -0.4776629883306349]
0.9704273534075862 [90.00280777584157, 0.18088283202362487, 0.20274610318721606, -0.5302414845729021]
0.9704101223159156 [89.24086163384962, 0.18349377060055555, 0.20422140068026637, -0.49482136118476383]
0.9703873423089209 [88.85881709650042, 0.18468363646278796, 0.205068687842056, -0.4876911981658637]
0.9703771109308624 [90.02005492025525, 0.18387494982120806, 0.20195192732532705, -0.49422699019988175]
0.9703006747024923 [89.8780687369054, 0.17949854022345108, 0.20380397280388649, -0.5266476348192629]
0.9702960773311192 [90.20259447452665, 0.18350620620873243, 0.20166983033509087, -0.49773514004438957]
0.9697450523226988 [90.13437825466747, 0.18960405989851764, 0.20099441878697008, -0.3987662989237933]
0.9570479929199276 [87.73028899573453, 0.16378856982923679, 0.21652877900760378, -0.4582252637277008]
0.419300613890741 [102.37851601603126, 0.19455171488363604, 0.1870253101149062, -0.5025509088415805]
0.4191047546163318 [102.89327988821537, 0.1722840555139005, 0.1896603722843699, -0.5129606951226888]
