0.9821363111401564 [76.81452787545368, 0.17294520005276776, 0.010119562036936851, -0.513249726457895]
0.9820786690484783 [77.03689517776287, 0.17073634181031497, 0.010164750059999353, -0.5819555507245919]
0.9816111085869625 [77.73703772535933, 0.1637569346219132, 0.011348430353420017, -0.623113280537025]
0.9805774812250116 [78.20887844633617, 0.1604673904136706, 0.011365573847586508, -0.5792518881178186]
0.9673114818497761 [73.97168190086934, 0.2083175711211643, 0.004123703429531696, -0.49816933241608985]
0.9663127258584661 [73.44599532607073, 0.2146196212690274, 0.0038021205649091017, -0.4772572456546943]
0.9437009155439906 [72.04996863048402, 0.23883851917983562, 0.0004510383589850384, -0.34285912586374745]
0.8058960065192414 [80.22432996797096, 0.13565784970514427, 0.019890072548264415, -0.3587733808168496]
0.8052305900494203 [79.11043814348756, 0.14318139437780059, 0.018892566453617782, -0.4052396489637186]
0.6377362119935386 [74.60922933561116, 0.16933845686851767, 0.025713651254630016, -0.5273865358124172]
0.485057458642826 [84.14838904687252, 0.16459710065917793, 7.961955254050204e-07, -0.6240837930940806]
0.46244028069599374 [76.43993395886625, 0.2369370299062179, 2.8849809427449647e-08, -0.08548315386653063]
0.3256376899294813 [79.60205053780012, 0.25389859932189796, -1.0113951562416844e-05, -0.6173097227276545]
