0.9721173515545172 [51.85021244315159, 0.17820991321588367, 0.30195042164906616, -0.5111218691067643]
0.9720923168537058 [52.425427992855695, 0.1611104764658075, 0.3052289494973537, -0.7990480297443837]
0.9720867250205 [51.92587328355498, 0.17325928922713896, 0.30343419589412224, -0.5593307524336831]
0.971176244253292 [51.784733293366514, 0.17496164220709354, 0.3035461658659696, -0.5421126223825476]
0.9711507224708513 [52.11940984107184, 0.17194714764992575, 0.30309715312371793, -0.5238788816981776]
0.9710656021527403 [51.905960390055775, 0.17880007244911883, 0.30163134245134826, -0.4624902833180691]
0.9710613320604825 [51.788795075312386, 0.18316455595377595, 0.3003507840592595, -0.49598579236033413]
0.9709821878551889 [51.823264141969815, 0.1831046756368127, 0.3002271770168322, -0.4919078132246918]
0.9701125871685238 [51.803179001474874, 0.18445557836684306, 0.2998502603505117, -0.4763033917776468]
0.9664828866521756 [51.35791979420074, 0.18347447010166337, 0.3021453075457608, -0.602755687143635]
0.964699775102296 [52.35673205082941, 0.16609901678177122, 0.3044678271753336, -0.5074194448277454]
0.22356986257405242 [56.338319162063904, 0.1532589594875879, 0.26624785282141994, -0.24344267392154792]
0.21257844401730264 [47.77223725055096, 0.3240292392512567, 0.3506641509458727, -0.05978562601473732]
