0.9757110377634506 [88.469945338762, 0.184549175330366, 0.10731487825971042, -0.4382006061882996]
0.9753767949457429 [88.04154058776166, 0.19590321900467705, 0.10449328372600195, -0.41766584168272924]
0.9750712952685766 [89.39515966306985, 0.17228293264209346, 0.10852795587008228, -0.5247376416988747]
0.9750105508932279 [89.293530473397, 0.1720402941300071, 0.10902065617667817, -0.5414647614089863]
0.9748700296124856 [89.18259573017048, 0.1734441881304704, 0.10911041313926152, -0.4684739482532501]
0.9748233402519881 [87.75510605482901, 0.20036882557447727, 0.10386572738879751, -0.4406380544660349]
0.9739012527583278 [88.22125033008864, 0.18353677364775575, 0.10861723876374148, -0.5174286778462525]
0.9727169182804235 [89.81187668701926, 0.1623009334549784, 0.11152650256238475, -0.5336043257816224]
0.9697416696741098 [89.9972847201464, 0.15765616830176055, 0.11349272861641338, -0.5051724348735085]
0.9662449339381474 [90.31206282676412, 0.15290646676672165, 0.11468066086710887, -0.46552406357680576]
0.5966544752359162 [91.64026147199036, 0.12774949729209184, 0.11742342899737923, -0.4736390659914461]
0.5405244645751413 [127.88419201317139, 0.093174536619937, 0.0707191291221034, -0.3636597988665441]
0.38848278112877765 [63.39641032070011, 0.2286802603375853, 0.13837665915226566, -0.5428488585825979]
