0.9812120498548739 [39.738120178175606, 0.17028318458560965, 0.20520062885718154, -0.5064222606952618]
0.9802103060367191 [39.405506826304546, 0.17606416359208926, 0.20439421553862802, -0.49038185069755386]
0.9798845453263837 [39.47927226065595, 0.1755767089173365, 0.20403385825249168, -0.530805990762903]
0.9798626658346835 [39.51203221164782, 0.17478512217089892, 0.2044674174832484, -0.36061845403796444]
0.9785809802217088 [39.301223830833194, 0.17780266510212053, 0.20418145821150185, -0.5112059395718387]
0.9775195855797798 [40.01585208661889, 0.16617406544353994, 0.20558139095989608, -0.5005867708894942]
0.9770270248194626 [40.053252538979926, 0.1658803279320672, 0.20548253422810453, -0.4611976804034543]
0.96281872643 [38.796740253763986, 0.18433588804344728, 0.2044930944419519, -0.5223926086118413]
0.1353635644448563 [42.46951125562405, 0.17487833321582746, 0.23222409169040642, -0.5174110939879184]
0.1344753229907527 [42.09064139460535, 0.18085993706097228, 0.2318919173780935, -0.4946432352637416]
0.12203770680126635 [39.10062641605207, 0.15078341459493005, 0.23347870608048937, -0.5321047583822454]
0.09842912971096562 [37.32224975323302, 0.2477028231112868, 0.16767053451082461, 0.00833671661444564]
0.09824142671571368 [37.54925611156173, 0.2430350394295686, 0.16748175170458862, -0.12792299764384846]
