0.9869864112166987 [40.22844520208379, 0.16375822488896158, 0.010412332224743807, -0.656607718504469]
0.9864395733929447 [39.98279099429162, 0.16655698086084364, 0.010527563289852562, -0.49901863434935656]
0.9816823112886923 [40.59002976414058, 0.15914173462730496, 0.011179713995395295, -0.5242079308252172]
0.9442614448941394 [41.77701447104374, 0.1458269867419567, 0.012761442160515397, -0.5022728806156684]
0.9189093252862297 [36.68285591655703, 0.21606473097800344, 0.008522663234351255, 0.10182101342171536]
0.9000445797274892 [43.98641055251627, 0.12865993687228727, 0.011971093881360721, -0.6370862458190075]
0.8979323040659282 [44.28896785846399, 0.12573795185445621, 0.013003328892840008, -0.3393267661188369]
0.6964983477548398 [42.3449162910602, 0.13808603981173037, 0.01495537913855002, -0.5788336832258142]
0.6934798549730142 [44.42083371621515, 0.13110168579005313, 0.008414862225729678, 0.8596191026572513]
0.3288374646970966 [42.89304435941649, 0.17509768688177516, 2.3313092194026722e-08, -0.24016927890932413]
0.26018584866853334 [42.88884174431274, 0.18749256219462895, -0.000517902203047698, -0.5593031532295445]
0.22434503636337955 [37.50532547488622, 0.2960366784766787, 0.000961242331063295, -0.7329839209280375]
0.12684201335835388 [50.46938633187191, 0.271296255023214, 1.7059399840049466e-09, -0.5672088976254688]
