0.9753551855622895 [64.59874458521679, 0.1714453497030312, 0.20553994408231546, -0.5254169898468402]
0.9747407895210688 [64.44642661194388, 0.17228283480205814, 0.20614238201156554, -0.47908017595109575]
0.974655512002036 [64.04054720385646, 0.18299293944050196, 0.203379606502449, -0.536644650858878]
0.9746004051369038 [63.97762202397313, 0.1831098097721988, 0.20371154418221138, -0.5239004226124901]
0.9744393538598779 [64.58157982822799, 0.1695612765953674, 0.20666087509514497, -0.47580425235694757]
0.9742880805506088 [64.0327101588826, 0.18409093338713023, 0.20296573422944822, -0.5111441546866378]
0.9738567073171176 [64.61211474059027, 0.16918281816466896, 0.20657789009107527, -0.4846644859683398]
0.9738485305499793 [64.76957922528882, 0.1687329196426683, 0.20595168364637872, -0.4848073634544663]
0.9736388204892518 [63.86633296753803, 0.18713110665913482, 0.20258495127445225, -0.5208542025498446]
0.9706616751075742 [63.50514984974521, 0.19357824440182597, 0.20188092569526334, -0.5294021606898878]
0.9622601964131733 [62.77505040953966, 0.21173881712281295, 0.1991342085021942, -0.4285182083398948]
0.4133238893203882 [82.4406946602497, 0.2056614581093832, 0.18046051391787543, -0.5928284480952675]
0.4109606429292343 [82.2471714607241, 0.22184720278140468, 0.17731001959765627, -0.443376571213857]
