0.9662805933245348 [75.50581898122431, 0.18442532736399142, 0.30736778899419254, -0.4683130397623716]
0.9662644172128652 [75.34167211474333, 0.18568521321802245, 0.3078564449378786, -0.44050143057338353]
0.9661653244641772 [75.33427166951208, 0.1847963410287985, 0.3080669737286826, -0.4396457517954142]
0.9659357708638576 [76.33017588707902, 0.18100156496349673, 0.3046321914050902, -0.5370731063340455]
0.9659265548388207 [76.35052467069302, 0.1809045153419656, 0.30454463345953253, -0.5271127139986356]
0.9655292767337027 [76.49950239700244, 0.18126469702416514, 0.303869267682941, -0.508705683963421]
0.9653855927081433 [76.2275037449277, 0.17818812991603958, 0.3054200201412364, -0.5607255834353833]
0.9632851359921369 [77.85378647923929, 0.17228449057854117, 0.3006306879578512, -0.5411048589336249]
0.9622797232903967 [77.59705149194704, 0.17951470984932338, 0.29979485292743835, -0.4977760547039352]
0.9610387723195908 [77.82252572685911, 0.17228449052990127, 0.30103969472614983, -0.46697556522155453]
0.9600274688420912 [77.7862985974576, 0.16818110709273915, 0.30200173274053277, -0.5095478125612775]
0.9589900744928618 [78.17845806862931, 0.16599944776569658, 0.3009462678662157, -0.539246568547783]
0.22236597268137026 [62.09694160052578, 0.24891872862702147, 0.2501947161276661, -0.602314266368329]
