0.9684551450630765 [81.7990805579252, 0.20012824985947225, 0.4468707717511195, -0.5084270351737064]
0.9672053830940526 [80.06876012811787, 0.18476587055047836, 0.447484660325768, -0.4761855135165345]
0.9666153801210675 [78.94515183318792, 0.17902157525770082, 0.45690680123363747, -0.3943269574263954]
0.9664054596596274 [78.3553321299584, 0.17496849629731376, 0.4387342960924353, -0.48844727347887906]
0.9661699135560711 [78.08539461241295, 0.16685258106252662, 0.4742859239522059, -0.36117675536434046]
0.9661398734205051 [78.23313118202594, 0.18087934748159482, 0.42764024921300586, -0.5094632245222026]
0.9660693420316968 [78.13981145545951, 0.1790914820617927, 0.4362862395911026, -0.4488114121601267]
0.9660485239515368 [78.34119204864186, 0.17025300455216316, 0.442724583333158, -0.48583276878092274]
0.9659200008272629 [78.0231120179857, 0.19153340675240604, 0.4225329518428571, -0.4678226700982231]
0.9655627641082862 [77.77952435841377, 0.16659681954298955, 0.4406392244811086, -0.5017674780226715]
0.9652515896947498 [77.58652654347871, 0.16065337696264476, 0.44467323569510553, -0.5054027432011262]
0.965046289169446 [77.26204405369066, 0.16197073435774612, 0.4541906656066949, -0.3987458217314567]
0.9647549964381354 [77.37628572637587, 0.15820419197966273, 0.44814344932184125, -0.45401387144986766]
