0.9792545675691947 [52.01602215580495, 0.1739269009017343, 0.20451377427482353, -0.5507468753919404]
0.9788897233307619 [52.028729136168266, 0.17387011036107253, 0.20452153099061815, -0.518689169895016]
0.978042640868492 [52.2016725985506, 0.17219602497005948, 0.20440428936550176, -0.49721834933400233]
0.9771441046633177 [52.36829537773165, 0.16890085017832251, 0.2051260616179524, -0.521315967124031]
0.9765383021630254 [52.32201883294422, 0.1703588331480385, 0.2047027688989636, -0.47333636335847484]
0.9646387376733602 [52.984866350107524, 0.15989428914967996, 0.2065225154864685, -0.4868152175609287]
0.9601728566504576 [53.200323264697346, 0.15463479286628223, 0.20816784684058376, -0.6171135074364826]
0.9454249898950772 [53.46625531618719, 0.15147155776198562, 0.2085921089642046, -0.4867675422235638]
0.4557923863762008 [56.289472973457606, 0.21923596721147398, 0.18445728269338124, -0.42992590658960994]
0.40519997362485793 [59.93137395628118, 0.22062550878102016, 0.17479729107849654, -0.2891996036777703]
0.33773414556371306 [49.87767064154615, 0.10659425794272362, 0.22026881759444342, -0.6811828857015583]
0.200220506193987 [46.40657829524952, 0.2499437663495264, 0.24195017586658774, -0.6533169024735899]
0.19327352591415692 [46.92799266775534, 0.23647269133730645, 0.24315381038079897, -0.44143795423658927]
