0.9679491153233579 [52.84886873174702, 0.19065385974798676, 0.39415141801961706, -0.5719743927869391]
0.9672038513952164 [52.313772494693254, 0.18736593808357216, 0.3975148281185831, -0.5229024390231851]
0.9664951000659249 [51.83736875088081, 0.18779887480027035, 0.3988728223432094, -0.48884026678170145]
0.9659396032335223 [51.70658591731071, 0.1825385202974176, 0.40037883993595125, -0.4913444530659702]
0.9653417974039535 [51.54380660563655, 0.18471473340639805, 0.4007434344863283, -0.47683549587622615]
0.9652474616598371 [51.19742598268777, 0.17804297556915788, 0.4028467641791589, -0.5482218308498338]
0.9646739431878333 [51.301483408318035, 0.18056779917412163, 0.40240589296896684, -0.5091321339153002]
0.9641440708390051 [51.43196796410005, 0.1769685365071377, 0.40287209767523924, -0.48529646316733527]
0.9640323694717482 [51.06953158978615, 0.1756746186836532, 0.4041440155223191, -0.5182811351886201]
0.9629607805417223 [51.37271891106721, 0.17369557959794968, 0.4038096908926506, -0.49040652592576006]
0.9617730211493849 [51.408620845348025, 0.16937288244997906, 0.4049643195573335, -0.5120150070696333]
0.9564464303688626 [50.45449190373945, 0.1654219487435734, 0.4092840264724458, -0.5405415912618641]
0.5303066398862004 [59.66548466252727, 0.1569538632669315, 0.3956075326418302, -0.48270436643019293]
