0.9646464847476522 [87.29145690666823, 0.1715612903992959, 0.31118757191615976, -0.5235647433161862]
0.9644779837558433 [85.95496904031906, 0.18567476507214442, 0.31288566661506456, -0.4878831081101257]
0.964380851865771 [87.16399190953993, 0.18646872432660452, 0.3104881180851645, -0.47879332566583177]
0.9643638189815427 [87.42136941223946, 0.19461586363290884, 0.30837026509478954, -0.5050428887356465]
0.9642179211253653 [85.52084661506835, 0.17016931725945966, 0.3159980915177142, -0.5022153232469949]
0.9639394299181075 [86.6408080952038, 0.16244238201537275, 0.3151780606519418, -0.4829988594943966]
0.9639160519868667 [86.48984850159006, 0.17347333534497172, 0.31252012846822325, -0.5231015262143002]
0.9638422092307469 [86.04309841143954, 0.16543453289780238, 0.3152985010164435, -0.5146700968744438]
0.9636824397153108 [86.73744528826651, 0.159585018297616, 0.3145489516817752, -0.5029289081205325]
0.963636839124334 [86.97427945989702, 0.16281292848968837, 0.31391100203619116, -0.5115153030531949]
0.9635107923044437 [86.54770602129648, 0.16246670448210287, 0.3143325212161901, -0.5134075900324462]
0.9625859149995288 [86.25080813813526, 0.15274228926550476, 0.3163831222347388, -0.5142475743620551]
0.961660441502365 [86.16988495335903, 0.14808370824194672, 0.31719272113101793, -0.5106921804043496]
