0.9642997240183201 [63.729476590146064, 0.22184718114881527, 0.4011691287159257, -0.587068392715687]
0.9637342977800837 [62.91470225361233, 0.19997540809801478, 0.40649060246056345, -0.481187403375686]
0.9634028808887389 [62.85873445971177, 0.18978569814496746, 0.4075713357909311, -0.47945879814764525]
0.9633495240497193 [63.2727891266031, 0.19159944700279175, 0.40567493611166755, -0.4801841605535717]
0.9627341515748806 [63.63464408988536, 0.1694053708683596, 0.40525861646309125, -0.572967780689652]
0.9626407756679964 [62.984960538891414, 0.17402904352203474, 0.40807362348616394, -0.4948464919269588]
0.9625504315759679 [63.63760245455051, 0.17951482768839172, 0.40537627990299885, -0.48969160859116817]
0.962089334690756 [62.84028603231563, 0.15787611539926297, 0.4101835979247975, -0.4952069283687108]
0.9620644465133609 [62.78835090428336, 0.15996282986449892, 0.41056684850146896, -0.43676473317921694]
0.9615828037255442 [63.69969450483602, 0.17226274756941282, 0.40585551694654287, -0.4692937838082235]
0.956721867155893 [60.971728533900205, 0.1722844727713096, 0.4157987758246298, -0.48688875359249456]
0.9517748546461092 [65.02775051469689, 0.1482210308667251, 0.4040939372652051, -0.5043732230344253]
0.8531943768296446 [103.42534307016572, 0.19391949417747914, 0.4246133973104726, -0.566783933195983]
