0.9833953021395269 [52.090448935773736, 0.1716590285069624, 0.10730453672123688, -0.5549062195844687]
0.9831390377289139 [52.26973903446418, 0.16985741507372343, 0.10739718204179857, -0.5014768371668783]
0.9830478997189256 [52.38010590754455, 0.16842843608873526, 0.10764732989926729, -0.5011029231509383]
0.9829158852529825 [52.053491098809296, 0.17254328854257223, 0.10712188281687716, -0.47323564801267387]
0.9825636529984926 [52.259356665079046, 0.16974757253597902, 0.1077083342409165, -0.422982706149864]
0.9824895056383556 [52.340702404575424, 0.1688544836616719, 0.10773398244773438, -0.4417431882984908]
0.9811626722822135 [51.48830926278338, 0.17936784969299482, 0.1064946522062954, -0.4958934122519762]
0.9802426992478789 [51.367296608089575, 0.18065112699786423, 0.10646268194534565, -0.5219404314144986]
0.6196114254686393 [60.88174042921861, 0.12198736092407367, 0.10131604337440005, -0.21947130009377885]
0.38786376025295244 [55.05667145091163, 0.22629323251130368, 0.0894220988006578, -0.47006594579677197]
0.36558963513637854 [57.03946362288906, 0.19454343202617225, 0.09256876102930149, -0.6271705557599719]
0.27966638247267506 [34.75724117556105, 0.30043914653383275, 0.12701126538121071, -0.45807944972295517]
0.2533418737229456 [48.84171131431237, 0.08498673216387373, 0.13486350412794562, -0.47112669590107675]
