0.9783447751050367 [77.12327296218311, 0.17183789534091667, 0.10738201981705137, -0.5378140612359998]
0.9780899317876468 [76.89590096838076, 0.17356170115426703, 0.10733598665761461, -0.5563867481617973]
0.9775572821036251 [77.01748741194044, 0.1722844904786878, 0.10809757974191408, -0.435710343634019]
0.9752583203415998 [77.54983643504335, 0.1722844904177759, 0.10519753099175344, -0.5055435327885657]
0.968917213359398 [79.61886764804419, 0.1528333468384193, 0.10792629563430342, -0.4431106864566912]
0.9685975798533922 [79.43955501637075, 0.15131494717600813, 0.10957587190443012, -0.4746276266598687]
0.9565325906702528 [77.05245246107955, 0.1617873606056191, 0.11387422492692592, -0.515036976401467]
0.6704153442119031 [84.14027778470796, 0.02587592461297962, 0.1410992815862085, -0.3720082192936643]
0.4952584461161684 [86.5639880280649, 0.22099646267205092, 0.08000651894172252, -0.5503740334214599]
0.4346309162942207 [66.58661360227197, 0.12543104754561976, 0.14068933615867618, -0.3320487491423]
0.43343986604966456 [66.45639966237016, 0.12661717658732363, 0.1404223566052056, -0.25084324910787603]
0.42884197583010986 [66.11455555746012, 0.13094617889407423, 0.14062745913671398, -0.04327388458682174]
0.4204683673006673 [69.34806129251173, 0.13882866851983833, 0.1302340857724406, -0.2631968470958458]
