0.971414951204189 [39.57710009978133, 0.1742431645711874, 0.4001614732200287, -0.5712377312988304]
0.9696327568451336 [39.332831217153085, 0.1753025091702473, 0.4011782202618104, -0.5164478733549449]
0.9688734661841893 [39.4003754540213, 0.1764415554700478, 0.40051252979336655, -0.47873544133150125]
0.9684945206390851 [39.38174009328793, 0.17813936621108334, 0.4000553027227207, -0.46151827495199044]
0.9680373001425651 [39.21710970423331, 0.17537923818090187, 0.40183903327781567, -0.508700833110735]
0.9679996259546878 [39.22471044474719, 0.17477324093791136, 0.401992715862329, -0.5103437129979316]
0.9673977424465189 [39.7446536873925, 0.1729119664467976, 0.3999988489906838, -0.5073133418009865]
0.9669439279963393 [39.1015055150968, 0.1745043077584012, 0.40256874482992877, -0.5191927058531358]
0.966771258728261 [39.53213013911556, 0.17075022755780983, 0.4017599775436821, -0.5146892462591561]
0.966194231219493 [39.53842467069511, 0.17018203776114257, 0.4019154647465311, -0.5169446133572067]
0.37048187890455053 [40.156487083620135, 1.0005633888357035, 0.4065065870755678, -0.9943933728930827]
0.23295720024192734 [41.58463826892868, 0.14361339537074597, 0.38028123792974433, -0.5035528752023926]
0.23121034464665424 [41.689556792366616, 0.1491297243177555, 0.378215056026913, -0.5106112860867258]
