0.9767469702665993 [39.55379663227646, 0.17506404732807807, 0.301898469440096, -0.5111953208045327]
0.9762293782728484 [39.55111854022831, 0.17484570726688436, 0.30207763732952886, -0.4889891996215521]
0.9759397842830271 [39.69010817036475, 0.1719571905467005, 0.3025188020319137, -0.5101399124408301]
0.9759217734136153 [39.43935485746846, 0.17757498573302521, 0.30152027378255475, -0.5031578288273704]
0.9758812003157079 [39.56192650170222, 0.1752165441663305, 0.301856161134081, -0.46820773957705375]
0.9755498145186433 [39.74733821824202, 0.17223408689049752, 0.3019898689733177, -0.4898203933916948]
0.9753573960076155 [39.709465629536496, 0.1705870200616123, 0.30299542495975706, -0.5351370768549486]
0.9751204271830063 [39.53004766581638, 0.17398107079981745, 0.30264061269679154, -0.502799685916193]
0.9747379985470986 [39.6749486024385, 0.1717503201856301, 0.30276582330054336, -0.4931559533424208]
0.973880788600662 [39.46334271101793, 0.17916727037283592, 0.30066252125859394, -0.48697771845463833]
0.9677193171151568 [40.15359726334968, 0.16630457689783876, 0.3022504204144953, -0.5022409897828674]
0.6816063352161416 [41.99558101811752, 0.16353679135849153, 0.2958405872087405, -0.5030816948936556]
0.1999058136539521 [44.118154472541676, 0.15187402195262523, 0.2675867916413366, -0.4156216772699588]
