0.9850877824539049 [39.85538225650364, 0.16868018018870157, 0.10757880877599238, -0.49181911726122773]
0.9843404592036008 [39.954754914856785, 0.16715963777487272, 0.1078941588582229, -0.4497289098982421]
0.9842055170172865 [39.5802576675315, 0.1725741599881514, 0.10718519398029541, -0.5271767122888522]
0.9823334506505631 [40.21324635107855, 0.16363729237539182, 0.10821201858689342, -0.5103711488848148]
0.9806697389849232 [40.30265189369448, 0.1625512443153464, 0.1083123006782595, -0.4689045236638424]
0.9798162571685797 [40.37919179366442, 0.16138473501752182, 0.1084799706729723, -0.52818457414569]
0.9640726322941113 [41.15328241076318, 0.15226823264033557, 0.10923505751054599, -0.4879607269211652]
0.9567977114998943 [41.521618801674464, 0.1480115943457661, 0.10963335414712747, -0.58294098846707]
0.9544745953021726 [41.441933756475585, 0.1484158616466673, 0.11008274685381976, -0.5022097512770679]
0.26874975844013016 [41.21898157652973, 0.1733234213571984, 0.09445497452961629, -0.503428602403131]
0.2490701067543567 [45.992908799566905, 0.2469060233618856, 0.08529378850768995, -0.2957898170700096]
0.08734808526208648 [40.1248954758198, 0.18617798212305137, 0.14358523228212217, -0.4610194440643074]
0.06257614266888534 [41.685543233765586, 0.16127732540550477, 0.1520061032436687, -0.5005498785574507]
