0.9791609438864394 [89.9194349352266, 0.16662916425291097, 0.010790974388371032, -0.675477464698802]
0.9789875861614425 [90.09522346794787, 0.16430659423852023, 0.012020636647659521, -0.5558466102285261]
0.9781568179094187 [90.15619417690621, 0.1660318483985257, 0.010684309574757167, -0.5011683957864825]
0.9775931637917352 [89.08566058477663, 0.17743806829270525, 0.008493684929960915, -0.514108295709544]
0.9775386545809956 [88.12472872317463, 0.18699588593306032, 0.007402666729275379, -0.5098894602605955]
0.977396312144565 [90.7129144413272, 0.15991310446496154, 0.013050628992364921, -0.30854221337941123]
0.9773209704180358 [89.70825061799187, 0.17171996178320215, 0.009150860689033702, -0.5063309109041094]
0.9758294146557144 [86.32984240465032, 0.2066105410452121, 0.005423518281376173, -0.5393641412398191]
0.9732687447094425 [89.47118154096962, 0.165622302131314, 0.014293641972371093, -0.5170025784559421]
0.9723009687842511 [85.80448643187253, 0.2157051178676883, 0.003711025786940125, -0.47056782443267187]
0.9671254731466051 [83.9902129094635, 0.24081148794615043, 0.0013089166520816019, -0.54065451671212]
0.8134958151386301 [92.10374331822379, 0.17228472557195085, 0.0003411119387557119, -0.47995028214788105]
0.6234996647561126 [127.63283725641057, 0.05480276114415096, 0.0027810689323681846, -0.6025078822714148]
