0.9851708810974164 [91.11506896329436, 0.5242306990687058, 0.44122838716059776, -0.5056944306716729]
0.9851070126217463 [91.32711782561559, 0.477653726895431, 0.44700860667827, -0.5401281175651149]
0.9850881717684518 [90.53641029195364, 0.4776709776722977, 0.4572016784312054, -0.4688139461805908]
0.9850712024283943 [91.39571821009417, 0.5211093416480184, 0.4475441618038043, -0.47786904888215614]
0.985007869047083 [90.11526689552734, 0.4756553287968497, 0.4512808277100323, -0.4999382578716905]
0.9845763353104867 [91.36280417901354, 0.5455987714941801, 0.43778027631041483, -0.4856640694702568]
0.9845091271338051 [89.02249311217984, 0.4974176356086186, 0.43071250662327987, -0.5271358181907515]
0.9844193259040037 [89.9967513617537, 0.5405060772331997, 0.4323598577575345, -0.49125510773827735]
0.9841546435345533 [88.55681555083785, 0.4897492402055702, 0.4343894439602526, -0.502457518697812]
0.9837593471175907 [88.47799338886276, 0.5118950578595262, 0.43344058968476934, -0.4622310032414403]
0.983659304367664 [87.81231412727972, 0.5179259452340585, 0.42227422575912155, -0.5268659295438788]
0.983095427433419 [87.34254696551965, 0.5162344027122183, 0.4243710239219326, -0.499674800962609]
0.9830918361491497 [87.26849796770165, 0.5129486376532406, 0.4246840848211802, -0.5091779933506453]
