0.9883330993342381 [76.9036351714747, 0.5190673640292653, 0.20851350294105148, -0.5238363456851518]
0.9882260934795071 [76.94313896828592, 0.5188925807717094, 0.20838594422403464, -0.517831443818096]
0.9878559358292188 [76.72565241659964, 0.5165326163227242, 0.209221387145971, -0.5213894228779243]
0.9877009405240671 [77.31754743630131, 0.5169789943007801, 0.20671579704029772, -0.5299618007034742]
0.9875034483258862 [76.95766108653682, 0.5286154367983849, 0.20806183791222088, -0.47917654070504734]
0.9874119624124389 [77.21595615814368, 0.515547865204052, 0.20765669911520962, -0.4974637001176637]
0.9873990325695798 [77.01495179811141, 0.5414691098598823, 0.20721640917345108, -0.4693235242778204]
0.9873393327119903 [77.26806195452454, 0.5141052286646145, 0.20757994986557401, -0.49727681832506254]
0.987292758250456 [76.95003172516803, 0.4935210267627297, 0.21005819775214885, -0.5119705922878465]
0.9858828318113626 [77.73525734069524, 0.4938005213683079, 0.20700745485605335, -0.5127984483860144]
0.46744674030733513 [92.69780386444921, 0.12279041613857858, 0.19831953651118195, -0.5108196201513274]
0.4659859220209285 [90.04458319537014, 0.11571187712006469, 0.20605500454342823, -0.4604777725746064]
0.44029182196258465 [92.12893344143386, 0.15500314866688986, 0.18968873926770083, -0.04619610434059041]
