0.9853896349491653 [38.90630458309162, 0.5725092493658084, 0.4036375706963561, -0.5403147631761256]
0.9844331324483264 [39.17370460777757, 0.5800496720334771, 0.40213163941263935, -0.49056169412597556]
0.983561653852979 [39.82120254901038, 0.5352657546276829, 0.4002375234858322, -0.5469214321234552]
0.9805874968779407 [39.51808417002617, 0.5389144908385639, 0.40186244553991735, -0.4977061162790719]
0.9793187131964772 [39.25703348355662, 0.5131241441406349, 0.4045138110578832, -0.524399377612081]
0.978978336987856 [39.84102255344677, 0.5360706232535719, 0.4006480498892079, -0.49557851358102295]
0.9764004526120393 [39.38416958533515, 0.5016968691239226, 0.4045269502773156, -0.5174919836657423]
0.9759423480400536 [39.42056560154565, 0.5180113490518505, 0.40349802735784285, -0.48048551406911166]
0.9754238243639288 [39.26972213156871, 0.5022908890250215, 0.4053425901494966, -0.5295861041689668]
0.9752654337023997 [39.54562216110979, 0.4936018414376877, 0.4042387296766138, -0.5419752505927788]
0.9738777499181359 [39.26558254109383, 0.5186711610840338, 0.4041365466854868, -0.47467811126791204]
0.5216170769423257 [44.04723317690991, 0.5227174260135747, 0.39025633162297146, -0.5305585666903905]
0.48996646103709174 [59.176760459926015, 0.269785665936916, 0.3272551430615931, 0.9969171120932336]
