0.9923365581515098 [76.70307140625812, 0.5601322290142572, 0.10812355954747802, -0.5574745793219903]
0.9921820079082565 [76.39372904634607, 0.5837610971729899, 0.10808923657809467, -0.5739182401119871]
0.9921793490424688 [76.48269820378128, 0.5734035937612436, 0.10839198609091294, -0.548744785215858]
0.9921481160252538 [76.84600875223884, 0.5375046676170041, 0.10915999099346627, -0.5306741507240763]
0.9920984939059623 [77.08157080462406, 0.5220428463427219, 0.10923042412240715, -0.5251676496799594]
0.9918595924642437 [77.30293505789079, 0.5137430781043221, 0.10890752058809629, -0.5118139593792135]
0.9917746868241336 [77.41090143143641, 0.5028818697965136, 0.10926471963952963, -0.5200617128095923]
0.9909920708629736 [77.6045947452011, 0.4983092108071331, 0.10880003662061097, -0.49569318405062046]
0.9905463119515905 [77.68579311316518, 0.4737324011674732, 0.11085911481813482, -0.47701129216168275]
0.9893151743624429 [75.59028083695591, 0.7233736826165025, 0.10574344130500457, -0.574398493916918]
0.986574312876172 [78.53935814282337, 0.4258241173516527, 0.11234438080898182, -0.4211609193033526]
0.9863000524040731 [76.30391024623614, 0.5284775695372437, 0.11299306183301461, -0.5117452121047991]
0.4612699258159274 [97.97277235790844, 0.5432634097161523, 0.06960318942733758, -0.49147505912143385]
