0.9885450056272743 [89.08841727602638, 0.5556690648224428, 0.20799747194516932, -0.5280698203445975]
0.9882854518104971 [89.07258061571197, 0.5370899106881831, 0.20885136808419752, -0.5292278397148124]
0.9881654175999416 [89.22056542280234, 0.5405383479958191, 0.2085577281331465, -0.5110597821130426]
0.9877096797561034 [89.9851296347, 0.5452439882012323, 0.2056390318213337, -0.49534781741119494]
0.9876823790988881 [89.72533202094004, 0.5237367398241519, 0.20745999687981964, -0.511510212172483]
0.9875704934651675 [90.21578357892433, 0.5337887824813157, 0.20510145921597556, -0.5105236924072466]
0.9874212734181897 [90.28328017850073, 0.5431338283130713, 0.20449103355037246, -0.5063354566555431]
0.9872480149630163 [89.94230477372012, 0.5220826449636167, 0.20715609754582154, -0.48530841039488226]
0.9869382001348469 [89.69222619755436, 0.5491763301573034, 0.2072001502976033, -0.43000469088570203]
0.9868354405677325 [90.2887523060472, 0.5421707453910876, 0.20504708173825237, -0.4542630670549476]
0.9866606148636425 [90.77637151965482, 0.5051703902774226, 0.20484393675942486, -0.5231454826123088]
0.9865639933257675 [89.84903559428312, 0.5339972183286484, 0.2073955308591053, -0.4301719470940194]
0.9862202727610151 [90.6731212917611, 0.5151510039693905, 0.20521860148897442, -0.47007293958851215]
