0.9894531587364961 [51.67795721591609, 0.567880692241359, 0.30405520069545094, -0.5505554132101287]
0.9890196579992226 [51.38755384672184, 0.6094547970336424, 0.30380443682156466, -0.5150405270360364]
0.9883736463653521 [51.46424174914268, 0.567311978006414, 0.30519266972688497, -0.5516827644708372]
0.9867438417249287 [51.813650296414636, 0.5361230048760379, 0.30518922118637365, -0.5222924615639826]
0.9857819513925069 [51.94108877743162, 0.5187219119759123, 0.30561401175109737, -0.540571071337224]
0.9855476506840604 [51.63596184924091, 0.534981211038274, 0.3062022435094043, -0.517592466592802]
0.9852286802238248 [51.729001236192154, 0.5904792235731628, 0.30354619677727457, -0.4205618928729243]
0.9851036527802377 [51.97861642469845, 0.5495964380482656, 0.3041395077514316, -0.49240143911136347]
0.9838965478223972 [52.2245099125623, 0.5437194190852122, 0.30311934989271894, -0.4567518984050356]
0.981331220701839 [52.237648662449374, 0.5079656869872244, 0.30492969516452884, -0.48554227198127964]
0.9771156815730396 [53.199733142509274, 0.5061916182645017, 0.3005622830358449, -0.48102576185578694]
0.3427695208729554 [44.50337755675673, 1.1148074149289675, 0.3640787733255131, -0.8077972132205904]
0.3201151930529679 [44.31637519307512, 0.9828901347984442, 0.365739023476479, -0.5065510376877638]
