0.9954099382500647 [39.86621312815247, 0.5120331440983481, 0.10780972066677502, -0.5456906608576879]
0.9953984684869681 [39.627532989728735, 0.5376923618395664, 0.10731207231030943, -0.5330928130121153]
0.9953374456027935 [39.608553744675575, 0.5390480527807235, 0.10738641220338938, -0.532250813635328]
0.9952326498215336 [39.887123824495745, 0.5102370237547273, 0.10785639659191104, -0.520152079613502]
0.9951249917098507 [39.64449502114694, 0.5366708946858486, 0.10738390528981362, -0.47114994606223526]
0.9950382761510527 [39.93761687953088, 0.5055035141958455, 0.10796573343178928, -0.5058366129680005]
0.9948228901610077 [39.923691608357615, 0.5078266331129626, 0.1078849168883759, -0.47283680145993645]
0.9930644234696869 [40.27134354773397, 0.4754723712120973, 0.10867385854189643, -0.47275949920103866]
0.9918561611798321 [40.35967913090309, 0.4690194579123854, 0.10881129887500912, -0.42800229756450064]
0.4199541448772529 [40.534929120463744, 0.2865822624156029, 0.12447353849846789, -0.30025074444048816]
0.3044940394721185 [35.4514399090027, 0.3430385156097738, 0.1285726306415048, -0.568783690347668]
0.2569455176418922 [52.462536765016054, 0.02332696677853693, 0.1370622418219256, 0.19205101762541274]
0.1768445622876491 [27.357969380821196, 0.42776202568174004, 0.12608363323049937, -0.3808849525249274]
