0.9917704038984779 [88.91900698136587, 0.5824715525344755, 0.1087771548805848, -0.5256743186902058]
0.9913377933924831 [89.40548728939157, 0.5414880477504126, 0.10920108630715107, -0.5223582951236501]
0.9911513376924915 [89.50333826892991, 0.5544798118499255, 0.10809671083961356, -0.49956921101041407]
0.9909323665781226 [89.14841231273778, 0.5822025582050288, 0.10844576169789717, -0.44334986599763787]
0.9908338137734644 [89.68108388255587, 0.5315900252727288, 0.10897519768547309, -0.49859202358333526]
0.9907475929619896 [88.85344969911137, 0.5569103216213935, 0.11087325127096515, -0.49852583928369515]
0.9907254971877002 [89.17521161692906, 0.5539760777765873, 0.10999720333038522, -0.44719267411928987]
0.9898616027737003 [89.75810184583179, 0.4898153530580654, 0.11132885602866123, -0.5612429853155378]
0.9893977350380024 [88.25710857320536, 0.6797495847440012, 0.10887620698987235, -0.32741510052782724]
0.988268594293585 [89.75213721147404, 0.5265805143192388, 0.1103245373977974, -0.3222783785335257]
0.9871477583172413 [89.54236217044054, 0.5549890898197307, 0.1101091739616181, -0.23116660331230518]
0.37243883507385034 [104.99157477090617, 0.09003863017152636, 0.10282497686829636, 0.020727402042117357]
0.28233224581553884 [96.29747206617829, 0.1135898264820463, 0.10503058684771199, -0.7730528490021127]
