0.9933761061133629 [88.71849065910321, 0.5662121317788728, 0.010413061769462797, -0.7291922189567843]
0.9928739869455521 [89.98775200227993, 0.49987538663899406, 0.011982717873244873, -0.5143298123927703]
0.9927940905401917 [87.38154530456353, 0.695351645551195, 0.00951843214727991, -0.7156501586062083]
0.9927068443746238 [87.4438702701621, 0.6796343571586451, 0.009496101335787278, -0.7669340286714341]
0.992543539837092 [89.97227387090362, 0.49630552354500257, 0.01259127987626309, -0.5010261588727452]
0.9911436547450891 [86.69913102951239, 0.7574111180097873, 0.010149394508684795, -0.7806729733741049]
0.991055178066966 [89.23889482929121, 0.5855797150844205, 0.008219487481296448, -0.5073343973425051]
0.9888097603539735 [86.5165247484561, 0.9048174551859288, 0.011147196855949025, -0.3850068104911033]
0.988364142267016 [90.26975782588667, 0.5327590289478918, 0.0075260867984693405, -0.5025050626081153]
0.9818364379881297 [90.96662508083293, 0.5162245625451165, 0.005744113449725023, -0.49371310225566045]
0.9726188910084826 [90.06689556671861, 0.6105049256826044, 0.0028294252515409066, -0.43249884138208683]
0.9656698463314681 [100.20129309150447, 0.2163333767928739, 0.02602574931790129, -0.7164132762582958]
0.9524231308238343 [92.13536228631801, 0.5177476976926925, 0.0003356476542387707, -0.4866302245222482]
