0.9880980225459126 [64.38830071637483, 0.6205693983705894, 0.3016221754052285, -0.5336174831023486]
0.9871111977366578 [64.14234895056421, 0.5129969617264927, 0.30683772384985986, -0.6088395928152569]
0.9865368339314544 [64.26742074598387, 0.6999108219407705, 0.2987462389109815, -0.5951518091641568]
0.9862507451823999 [64.43195504579944, 0.6150671065998004, 0.3023841428055256, -0.4683747434101113]
0.9858124229187966 [63.921838450063944, 0.5331723869127778, 0.3071870893149581, -0.5477527515851948]
0.9856106777720819 [65.1223190426503, 0.5725418608277277, 0.30153615679545565, -0.4864699310672991]
0.9849747372858307 [65.44129857668605, 0.5647311723320128, 0.30092922407382383, -0.4899522384531162]
0.982675946904784 [64.41997100009642, 0.509845010804415, 0.306817650089281, -0.5110759365695772]
0.9812886537498995 [65.78962291856848, 0.5080672653914875, 0.3025341029052072, -0.5093921764953839]
0.980414002461709 [65.2685827844058, 0.5431231036590003, 0.3030061889894955, -0.4267444362200423]
0.9795661005408567 [66.3518176336805, 0.5380687374355155, 0.29937042755867105, -0.44310601334457556]
0.9747898944740685 [66.12496565056676, 0.4745397118040159, 0.30394486384883074, -0.48697602617831814]
0.9656814732230811 [69.45005684744243, 0.5204266506074082, 0.28838341026663555, -0.4869945767100272]
