0.9887698765800622 [39.87261254771485, 0.5096292166616365, 0.3034409297639749, -0.5405743723138932]
0.9877735324252265 [39.754098293366155, 0.5398883626507838, 0.3024444078552909, -0.4701003147949826]
0.9874410358118055 [39.84591993468207, 0.5164072281967552, 0.3032764460807442, -0.49673927709945254]
0.9869960933110469 [39.897494234753395, 0.5025265873774114, 0.3038513949996866, -0.5145824192278237]
0.9868068032128081 [39.88395939825097, 0.5094928719024392, 0.30347261963428884, -0.4961497203586658]
0.9863795710042192 [39.83524063414433, 0.5054154064537575, 0.3041509105602117, -0.5031790611316347]
0.9856073335673404 [39.96285616883331, 0.49499998413655, 0.3039487799817604, -0.5042432886311718]
0.9856057312222375 [39.94978691330979, 0.49851602219123003, 0.30378707983972486, -0.49669688973100523]
0.9854517626131828 [39.8786930273357, 0.5040131392793191, 0.3039634086298664, -0.4801038060876899]
0.9851910935464209 [39.96180380711285, 0.499449734122149, 0.30364962808342877, -0.4888949429541226]
0.3565020643909955 [57.376278739126164, 0.5128449304879177, 0.27863562641614603, -0.5664351513842578]
0.35310790664369796 [56.88396184700528, 0.61636520697514, 0.2763500858908413, -0.5626354940584742]
0.24400195024125126 [32.67786083391724, 0.6465256610560848, 0.38911768484013837, -0.7738852478945171]
