0.9855965282193446 [86.66947754439434, 0.4993666927270215, 0.3148989612834114, -0.5295859263961552]
0.9855651293812392 [86.72034516546225, 0.48881561490850717, 0.3152651756427372, -0.5181758319209476]
0.9855267011038985 [85.96400387109647, 0.47510454765544624, 0.3173419859822173, -0.4991201056919936]
0.9852979678369734 [86.75221309180287, 0.49783543434423105, 0.31581585168611304, -0.48469033043455356]
0.9852905964663558 [86.42938423432507, 0.5063502432521865, 0.31457079878349675, -0.5126351616933631]
0.9852649827755983 [86.80150249224415, 0.5150733196443453, 0.3139062340833581, -0.5074300501270901]
0.9852388780874529 [86.47869294203801, 0.5217366234926634, 0.31394526650701443, -0.5191594134545283]
0.9851786587529054 [87.3999848073035, 0.5067588679363859, 0.31390928239710214, -0.5030931947410002]
0.9851064460138803 [87.68761076785589, 0.5240340960740227, 0.3118074383247901, -0.5196574766005861]
0.9850369333225526 [87.23990924889299, 0.49512008986705724, 0.3131010437409554, -0.5181788548473115]
0.9850202392773708 [85.57379960620958, 0.5068519909248468, 0.3176399858027882, -0.4951322084412859]
0.9848573382445468 [85.904479701018, 0.5236706216787645, 0.3164408072436439, -0.47606428105005366]
0.9822599840427262 [89.27725946268055, 0.5444991220500082, 0.3081799281453164, -0.4967013886819538]
