0.9940796138052916 [76.95215018051411, 0.5327852985752245, 0.010520423922425167, -0.6175479014306822]
0.9938015244360828 [77.36727405200219, 0.5098132920763804, 0.011037803127382182, -0.5330902418434099]
0.9937028293467968 [77.41572566007952, 0.5042893356330795, 0.011488761843027589, -0.5089994593769391]
0.9936497804336631 [77.3924842046192, 0.5039432989922319, 0.011709353955975839, -0.5005242827784995]
0.993611471573406 [77.28518645514634, 0.507531368665344, 0.01185908361287175, -0.5094517505250389]
0.993174571803667 [77.19771771428549, 0.5308318205798033, 0.009990675657963539, -0.4909161395243762]
0.9918419504408832 [78.6976584212288, 0.4321742302736936, 0.012397497387923288, -0.7966336978392798]
0.9917355401516426 [77.20849589197078, 0.4974243375929663, 0.013379579672682352, -0.5082939149534227]
0.990886304517242 [77.37799756625449, 0.4853190443987456, 0.013969083938342952, -0.49210733011133545]
0.9844408937645792 [81.35717651844811, 0.3400152060143705, 0.016126532527573116, -0.7706938841019624]
0.979160799579138 [76.525970360991, 0.5035871099037519, 0.016429659203672217, -0.5033457434998778]
0.9773857884948991 [80.6369550610604, 0.3448933346851072, 0.017699689752012658, -0.9971374872185788]
0.9751342446982355 [78.12562068554777, 0.5257104480285725, 0.005541511097631244, -0.4796285600750352]
