0.9945905488869642 [52.093500226323144, 0.5366190771111421, 0.10751650083694082, -0.5215244408799276]
0.9942716587805264 [51.67507666723313, 0.5815560516491787, 0.10662406350870729, -0.564678546131729]
0.994248931693669 [52.33282573352223, 0.5168307509100759, 0.10773796013574075, -0.5249959106651114]
0.9941086694534564 [52.355138334842145, 0.5093936512490288, 0.10838290005625828, -0.5170543994289212]
0.99396849683359 [52.423909340599046, 0.5054846776861615, 0.10833067788201314, -0.512659246449354]
0.9935909848144538 [52.54098822944777, 0.5005384369342698, 0.10797052955940363, -0.5217035922856103]
0.9917440935912112 [52.860691626796786, 0.47158321675639825, 0.1092957716831743, -0.4676495444663157]
0.9911838659659585 [52.96653726947336, 0.45817993553465775, 0.10987104074160377, -0.5826875569300691]
0.9847639864615838 [52.091592213811154, 0.505819837698644, 0.1106742212183346, -0.5113920913919119]
0.3675479630648595 [75.56157437414814, 0.3388101418309273, 0.06907744026002324, -0.07516974194160747]
0.2997158435302427 [54.7146020907409, 0.11666686437224028, 0.1472278578194957, -0.3096907047250349]
0.29784847570623774 [54.18887965242333, 0.13817787823885574, 0.1399412829963441, -1.163348584921149]
0.2896976911271836 [48.750284366550616, 0.16627128854029682, 0.14214500674352862, -0.3776642614473544]
