0.9933823180944066 [63.80836400418586, 0.6025834950785207, 0.10762066174375551, -0.4920409829918034]
0.9928669028989408 [64.73918447095258, 0.516889144739175, 0.10868029273299952, -0.5191020534088664]
0.9928175951828275 [64.467475886118, 0.5320094916044837, 0.10910975445797023, -0.48095163544081393]
0.9925664911796083 [64.25103212068962, 0.5513588665481679, 0.10906303151564317, -0.4151170902327315]
0.9924956526547352 [64.81366156647303, 0.5172371752123857, 0.10830740793624546, -0.5068300236758576]
0.9923408146363039 [64.83402264126633, 0.5103181400297709, 0.10895976477479336, -0.4833942691234068]
0.9922305300153733 [64.67914764353127, 0.5196750037446838, 0.10914949946671407, -0.4577108071208238]
0.9915232080686525 [64.81259370988603, 0.5086110196502553, 0.10958792659176053, -0.4157800374923565]
0.9911347989150954 [65.23711857844256, 0.47577310015997354, 0.10999499351825034, -0.5231947710419933]
0.990183078353249 [65.50585362464479, 0.4661032450603503, 0.10980270091790492, -0.49702806151191925]
0.9861643228540344 [66.31877648414942, 0.42034349135707455, 0.11110870526432318, -0.5159675008263623]
0.9764546753588911 [67.56982483987325, 0.36907258438625956, 0.1127473574675279, -0.48316065266441605]
0.9611523679719842 [69.46858716129213, 0.31442210959275047, 0.11440304337445216, -0.46960705381302237]
