0.9920691659216087 [52.10718511176238, 0.5419206687759555, 0.20516984271315747, -0.5165994145107877]
0.9918216916091548 [52.01318422826158, 0.5432905634756799, 0.2056703657356852, -0.5038203626892335]
0.991504320903272 [52.147734420763186, 0.533043259374502, 0.2056372951980916, -0.5031774973260061]
0.9906541127978539 [51.882535084685564, 0.569147610344148, 0.2051471318065568, -0.41071193058293193]
0.9905516449002132 [52.218449015839546, 0.5264029873931613, 0.20583176759718708, -0.4753553281753409]
0.9904655321772446 [52.34028573184075, 0.5094079812097674, 0.20629701467013997, -0.5154560181977509]
0.9899380215452787 [52.33020333075474, 0.511120367362839, 0.20633928409116598, -0.4930768624786248]
0.9892443923161842 [52.413840043681915, 0.5263715463991341, 0.20462505530884614, -0.4702674513620365]
0.9890430719398704 [52.42995093524348, 0.4950771757656568, 0.20704794748649868, -0.5227411123923833]
0.9875407901581003 [52.60381006154131, 0.5203823015685247, 0.2037288318329618, -0.5094325562932176]
0.9872326918575195 [52.64876714946169, 0.4844944110433494, 0.2067746444315302, -0.48583295223913237]
0.6121701242762813 [56.928554274896, 0.5216855585129974, 0.19013774767326835, -0.5322248424109203]
0.3627860341728265 [75.51661076733679, 0.5612387479399997, 0.16993833902197283, -0.5227411098898762]
