0.9862369304335195 [76.65938784676362, 0.5312223206929934, 0.30676717067169695, -0.5287234609554983]
0.9860550759107336 [77.21815525538369, 0.5298854236877264, 0.3045726553167921, -0.5227181490620467]
0.9859383554027575 [76.79617774558359, 0.5203295220465833, 0.3065920135782979, -0.5190095358906094]
0.9858519903739786 [76.87082174184425, 0.5177296805469848, 0.3064107686915509, -0.5152080478094203]
0.9858274774091604 [77.3095369277444, 0.5070680876396121, 0.30496504747851727, -0.5293597587807456]
0.9854717359121922 [77.2047007736393, 0.5387273068317882, 0.30471379200449694, -0.4956596138864148]
0.9853874542033351 [76.79910310081723, 0.4929053713162458, 0.3074169949484942, -0.5228214441238821]
0.9851337900162451 [76.99852154152867, 0.489249740626831, 0.30686406133730115, -0.5176493590669126]
0.9850168595268628 [77.61125062161187, 0.47296767119697025, 0.3046895506037186, -0.5460220512329581]
0.9846838370182918 [77.13707432564237, 0.4960594755658645, 0.30609157578542046, -0.48901355340458863]
0.9837628490092717 [77.79395849523311, 0.512278079855891, 0.3030494760176593, -0.4771982733783813]
0.9835834546011695 [78.1669669563831, 0.4835230823080372, 0.3024481827295219, -0.5095633147737402]
0.9799510022516909 [78.91010010287171, 0.5019623668576673, 0.29899850605510825, -0.4779635115767874]
