0.9946268512306435 [40.41329958976114, 0.46806777637188857, 0.011400658191388888, -0.2287707189373445]
0.9924797265296458 [39.01156630387666, 0.6041726546867662, 0.009371920313506218, -0.48536875245209254]
0.9819209404268746 [39.728168495785, 0.5343037132356524, 0.010285958684814222, 0.42944941686680094]
0.978005212454507 [37.932673978598416, 0.9287716491067826, 0.007999456334745463, -0.5156989854192955]
0.9767139694566823 [41.25084944618301, 0.4097035011215189, 0.013236129277559953, -0.5436209591508219]
0.9652574236071041 [39.59082740841239, 0.5522589319502622, 0.008225148011966416, -0.44917806342771704]
0.9610288356517604 [42.46695265087414, 0.35542945803986564, 0.013505915607612717, -1.0642547252214118]
0.9429493127798624 [38.37741823840514, 0.7775596500021384, 0.006465908487026989, -0.3177441119070405]
0.7258033837286421 [38.591161418725136, 0.8390242697423679, 0.003497229207189111, 0.10312733324172656]
0.6029396235041288 [42.67340008438316, 0.4231798117650918, 0.0021051551440064683, -0.06467295782785809]
0.5515813992781055 [50.01158464505022, 0.24097481626908465, 0.001367650976335403, -0.07797065107823334]
0.32003576303733117 [42.35604845884487, 0.6855628670301417, 7.658377757729683e-08, -0.6273656383593649]
0.2466311477480838 [44.581611954124355, 0.6450597431204033, 7.383784528205009e-07, -0.638742608591279]
