0.9932056866302249 [39.64782921075862, 0.5412535845774732, 0.2048579988817275, -0.5170896675786839]
0.9923641584740106 [39.905904998161496, 0.5111853726951747, 0.20536281051174293, -0.5226948441935794]
0.9920422010375597 [39.97161613644413, 0.5025533529311683, 0.20562565780844178, -0.5400879694384761]
0.9920407613318998 [39.7521376980894, 0.526780197270031, 0.20532469498738315, -0.4829657377706523]
0.991716624536472 [39.98726798220804, 0.501832116631893, 0.205575991982198, -0.5246346308021685]
0.9911574719424329 [39.85930486794203, 0.5101684141581251, 0.20588823338442197, -0.5188043562871385]
0.9906389792619976 [40.024648416452024, 0.5078282366241343, 0.20477572332650026, -0.501889363539167]
0.9866648576940974 [40.16180458348417, 0.5031841640027402, 0.20412351642336574, -0.5057421988324787]
0.985208494823572 [40.093536036559726, 0.4833756678783683, 0.2068714346120803, -0.44432455005896915]
0.415620895746321 [46.61535053962365, 0.4984960185420848, 0.18517171215961348, -0.4750823370760865]
0.3026057101761681 [56.44847673918723, 0.3862421187906399, 0.18018179643511884, -0.6312365342596558]
0.20997784397664043 [31.479605806053527, 0.4775865278435681, 0.21117424954837552, 0.11359198671790671]
0.13959804948841992 [32.528876264520456, 0.64120581048308, 0.18110045617570486, -0.16191913203332278]
