0.9926576134280626 [52.54822065265773, 0.48940052005839807, 0.011775939758210556, -0.5109429991934344]
0.9925192005630771 [53.7997604593198, 0.42294299837415744, 0.012208228621908648, -0.6381761837134733]
0.9892525780147476 [50.518291688120854, 0.7426680321089614, 0.007686358825447248, -0.5992500355585276]
0.9874727659338823 [50.32479143633178, 0.7956231347094351, -0.009212673528613945, 0.05922468749904922]
0.9864114426423369 [50.13798706398356, 0.8687195975729147, 0.007899248439565496, -0.43398306657260166]
0.9721683017174437 [54.95518427926635, 0.3653286252736947, 0.01607039403349339, -0.487685584093531]
0.9568510883790483 [51.932453517445424, 0.5828761400876441, 0.006346400567239877, -0.4100210941341276]
0.8957365829566833 [50.84118389698713, 0.6071174289719806, 0.012521638640075057, -0.34302300238766004]
0.8951172157266434 [50.81521349200713, 0.6018810425736807, 0.011754731683457132, -0.9034278548582215]
0.8435854848591843 [53.56342986855651, 0.49053472048823415, 0.0049427800764329476, -0.3909306529042569]
0.688153029857845 [51.95075196691974, 0.7287686558245541, 0.0008979685881948066, -0.44282816570144207]
0.36558249054856473 [55.54897956742856, 0.7522310622201546, -8.536126801175161e-08, -0.15508704395539663]
0.3173621854534301 [56.29443675856474, 0.9074838563878236, 0.00021816535752663453, -0.12947323413505024]
