0.9876813787317288 [50.94827008820395, 0.511406399034726, 0.4069909405213856, -0.6367335342623784]
0.9873661747344802 [50.90676365736611, 0.550420653841085, 0.4059458239946877, -0.5707863457263402]
0.9868268982206426 [51.300807834415664, 0.5502324539163947, 0.40460909350920127, -0.5612840371642118]
0.9864184943137301 [50.819373095979216, 0.5418381184278573, 0.4069776909199305, -0.5440712573510285]
0.986175325807768 [51.600260915343114, 0.5735997385140881, 0.4027366208339518, -0.5269382769100226]
0.9854464387022582 [52.55492026503891, 0.5975343074089822, 0.39740816697129955, -0.5638672456085001]
0.9847372736266352 [51.69706606962181, 0.5607490329400042, 0.4026719829717519, -0.49490335094043214]
0.984253746639664 [50.07414065736083, 0.5630943236584562, 0.40944954265393274, -0.46674370597073167]
0.9830848413242868 [50.11638968098851, 0.5194865911563835, 0.41104109783170223, -0.5011933333973874]
0.9825961577784376 [52.28807280999757, 0.5261851815681582, 0.40148086842030156, -0.5223239500921335]
0.9808567112366285 [52.70175192183592, 0.5424855013613948, 0.39918692182347615, -0.5303113372232249]
0.9799263383370509 [51.54138582435974, 0.4978572747717537, 0.40568511003163044, -0.526447685493193]
0.9786381618039841 [48.82213082969096, 0.4973794689954383, 0.41735032453640364, -0.5267971008747832]
