0.9859895054993544 [62.46443688187608, 0.49712461822486564, 0.4104437731534232, -0.5554397330117792]
0.9858176194125691 [62.69042561261518, 0.5100884629775093, 0.4096340251404036, -0.5371761127009069]
0.9857244805279688 [62.180646081666275, 0.5025662611263214, 0.4116665233989054, -0.5255017766905995]
0.9857080390691032 [62.232796450047026, 0.5031819747054538, 0.411524796506999, -0.519291382075305]
0.985690223869353 [62.27338892670889, 0.5148186369455845, 0.4111882895728273, -0.5219094967884457]
0.9854197449466766 [62.5446375303749, 0.5045881848595115, 0.4109791084572314, -0.4992134018879415]
0.9850945753236774 [63.35423253943918, 0.505488280549822, 0.4076447676863522, -0.5350960432177555]
0.9850675204165705 [61.85449481002199, 0.5176260566381188, 0.4125759892003429, -0.4846905465505451]
0.9847588651816339 [63.56680103399165, 0.518582100779237, 0.40706080410140094, -0.5359022198950498]
0.9847419293902916 [61.45296852229235, 0.5148185610344707, 0.4144136969972256, -0.4752993863335193]
0.9846452153609861 [62.94598653536629, 0.4341159569985903, 0.4095769358430818, -0.589693301062479]
0.98287158137154 [64.24220062619058, 0.5121584514453077, 0.4050519735402941, -0.5223516563340036]
0.9792538833838235 [64.89348239011008, 0.5276783991807309, 0.4023407474252579, -0.5153710995780494]
