0.9902686865867177 [64.57831387722928, 0.5628927424126555, 0.2046791837086413, -0.5023651320230287]
0.9897870156415172 [64.68373247033969, 0.5098983931387329, 0.20727719987178428, -0.5616854454065094]
0.9893585662205084 [64.80133334216042, 0.49939362813097643, 0.20748610464504474, -0.5580792249037522]
0.9893498095164344 [64.55735293855582, 0.5413609002211373, 0.20621473958924375, -0.47830833703944314]
0.9892734669204709 [64.58785270111557, 0.5308483428718609, 0.20671321182756347, -0.48790487400672]
0.9888277008275674 [64.83888215455448, 0.5235482300881158, 0.20594897451213795, -0.4887446016430952]
0.9886231526692176 [64.93443568570416, 0.5121598827469747, 0.20608194402709107, -0.5074790034027934]
0.9885395888327526 [64.96661389854127, 0.5337887494337531, 0.20446222415504073, -0.5006497643799652]
0.9884060640247226 [64.71235903700484, 0.5078608306115415, 0.20760574409239177, -0.4992257966959671]
0.988230217367047 [64.81120325405182, 0.5094449430934239, 0.20710760823723517, -0.4859801168146082]
0.9879897377831308 [64.53206692986278, 0.5096077514256692, 0.20842691832045906, -0.5088362522450058]
0.9873455411599747 [64.91216698924043, 0.49043921080957026, 0.20801391166787986, -0.5107655970935157]
0.9868604241123232 [64.88101012948042, 0.49232592349588233, 0.20815029323363854, -0.48403268005951683]
