0.9862283982642402 [78.817542320571, 0.48257111262290464, 0.4238950419709606, -0.5155624497417347]
0.9862158090847891 [79.67163566805786, 0.507492043339774, 0.42374309023098633, -0.5106979832374146]
0.9861497115375959 [78.87609971037072, 0.5065512902430007, 0.4212104825904314, -0.5101593524310581]
0.9860144896954253 [78.32859821926692, 0.5010827734189796, 0.4233896577385598, -0.5008397723669749]
0.9859654872016134 [80.08176950180489, 0.494620407742665, 0.42667108665317877, -0.5022373935328887]
0.9859649949973522 [79.61271635527808, 0.5099270139945999, 0.42301513613454644, -0.5026706739472362]
0.9859108371410504 [79.86154826178645, 0.4860673957107339, 0.42699688633345556, -0.5010549332272916]
0.9858586651689949 [78.83340989755148, 0.5223646234355617, 0.42295509044898766, -0.499087718276336]
0.9856539105765596 [77.94864278244606, 0.5297085749266313, 0.4196539261769293, -0.5154227678134757]
0.9854848546008191 [77.1380681810911, 0.5035107854109251, 0.4188174184017235, -0.4990643591044338]
0.9854793411118564 [78.16675283777732, 0.49381838350582186, 0.422695386594633, -0.4783326426675586]
0.985113456940532 [79.0753358784193, 0.5084101274856471, 0.4235866827596448, -0.46692797835371735]
0.9843870749445388 [77.08509788665373, 0.5110496220205835, 0.41744158791327857, -0.4822694719796537]
