0.9946017900023725 [64.91039307016044, 0.5085662414797617, 0.010649713013987216, -0.5019845298043373]
0.9944884809905804 [65.4309169645859, 0.4717659411290188, 0.011080691139868672, -0.743192259484992]
0.9943432954742842 [65.00120949183005, 0.5045108482794702, 0.010508544217086845, -0.5079985803135241]
0.9924434471297896 [62.924522232107705, 0.6933845256734398, 0.008899453124068084, -0.5857734599906277]
0.9909227031338338 [66.20101961071927, 0.42648876699765587, 0.01385507873848725, -0.5596361322623441]
0.9871502276951556 [64.36513823664961, 0.5163932293171767, 0.013312011965489689, -0.5070509782032734]
0.9868589876384507 [64.00473067914936, 0.5425405667076926, 0.011506205551603917, -0.8968928133408838]
0.9854598601073301 [68.16355852569205, 0.3565025060645717, 0.016119570050304045, -0.4084666373380112]
0.9818449880067905 [65.49452559102807, 0.4993575001533768, 0.008038317052864844, -0.4932205684994621]
0.9716095169278377 [65.08250779534308, 0.5391257674372897, 0.006295528227880997, -0.4875645100009892]
0.8597547265821075 [65.77391522112617, 0.5636692683294648, 0.0005581743320193287, -0.21169351290592037]
0.8137365781949484 [66.47002344510636, 0.5207080024928188, 0.0015893345040689125, -0.38135598961902695]
0.2675799510331116 [78.3097770627175, 0.6199488226017787, 3.57198893326678e-05, -0.49472772846293966]
