5.000000000000000000e-01 5.235987755982988e-01
5.000000000000000000e-01 7.853981633974483e-01
5.000000000000000000e-01 1.0471975511965976e+00
5.000000000000000000e-01 1.3089969389957472e+00
5.000000000000000000e-01 1.5707963267948966e+00
2.500000000000000000e-01 5.235987755982988e-01
2.500000000000000000e-01 7.853981633974483e-01
2.500000000000000000e-01 1.0471975511965976e+00
2.500000000000000000e-01 1.3089969389957472e+00
2.500000000000000000e-01 1.5707963267948966e+00
1.666666666666666574e-01 5.235987755982988e-01
1.666666666666666574e-01 7.853981633974483e-01
1.666666666666666574e-01 1.0471975511965976e+00
1.666666666666666574e-01 1.3089969389957472e+00
1.666666666666666574e-01 1.5707963267948966e+00
1.250000000000000000e-01 5.235987755982988e-01
1.250000000000000000e-01 7.853981633974483e-01
1.250000000000000000e-01 1.0471975511965976e+00
1.250000000000000000e-01 1.3089969389957472e+00
1.250000000000000000e-01 1.5707963267948966e+00
1.000000000000000056e-01 5.235987755982988e-01
1.000000000000000056e-01 7.853981633974483e-01
1.000000000000000056e-01 1.0471975511965976e+00
1.000000000000000056e-01 1.3089969389957472e+00
1.000000000000000056e-01 1.5707963267948966e+00
