0.9994536153171676 [52.533987132096655, 0.16539735982055215, 0.20553088689375326, -0.007873156493399256]
0.9994438772889771 [52.481960936462144, 0.1660294824879936, 0.20548463813786488, -0.009226361356534533]
0.9994350201096316 [52.49432554812534, 0.16587585839496122, 0.20549724842141548, -0.009700482967429112]
0.9994224899878907 [52.499447502839814, 0.16578929617818822, 0.20551442011546284, -0.010178727464237834]
0.9994200825469512 [52.494139878486166, 0.16586489882582267, 0.20550398464798994, -0.010295477540354585]
0.9994172071508234 [52.48832914835779, 0.16593027483106854, 0.20550041274403985, -0.01032194925771315]
0.9993979392139088 [52.53203715368683, 0.1653666222586419, 0.2055553018602886, -0.010669137378036587]
0.999376518431919 [52.52045929778818, 0.16549099410438128, 0.20555421776835836, -0.011728589624850343]
0.9983373296288283 [52.48176030663693, 0.16537963696586072, 0.2058809871637331, -0.011426801958100245]
0.4466722721424923 [53.448517014121165, 0.2460514374962499, 0.18922986035726375, -0.012465112871663672]
0.38677079379391266 [47.60698493899059, 0.13073421536470373, 0.2262628650609057, -0.007077698340723335]
0.3589587618687098 [58.435939044187975, 0.2039905536101398, 0.1879895548815063, -0.009326981486071787]
0.261504241663858 [50.47682681545582, 0.5240146908104516, 0.1943637392537656, -0.021947008537582316]
