0.9994863976435623 [77.22426936471157, 0.16637882658123865, 0.2062080553569573, -0.006413743617169586]
0.9994466438521523 [77.21275351639443, 0.16628843611305616, 0.20628495265410443, -0.008581540941408557]
0.999435281102629 [77.20419824705127, 0.16630559945236112, 0.20630643995453768, -0.009172800090908099]
0.999417774913506 [77.20266461571927, 0.1662407877157568, 0.20633873011294346, -0.010067978692921309]
0.9994105363021859 [77.1998968887331, 0.1662317696802868, 0.20635196406494094, -0.010430339751781065]
0.9992907504197521 [77.34923732620506, 0.1655266658462337, 0.20619981621936784, -0.009977706215322303]
0.9988362615956986 [76.89138725930152, 0.16988290902664968, 0.20588269137027868, -0.009284260631303796]
0.9988260444569487 [77.41325883719145, 0.1640218913775774, 0.20651981964485944, -0.010833678923224828]
0.9986249212766675 [76.84802265263126, 0.17036771318403457, 0.20583472698530175, -0.01023685020219451]
0.9981147527642685 [76.588465808358, 0.17189834569349238, 0.2060552926345411, -0.00993358756558662]
0.9825904441000913 [74.84307200393924, 0.18848880971767618, 0.20576161372377788, -0.009377698018118736]
0.34184389411897464 [64.25555585568225, 0.11487384151206068, 0.2170900427673225, -0.007216985717441127]
0.3097614193286632 [95.9048978850544, 0.21461959465658287, 0.19524909387684197, -0.005658428209882341]
