0.9996776034273864 [90.39658648683732, 0.16248613101859646, 0.010921438724138147, -0.010278503750371148]
0.9996611548166298 [90.24267610404772, 0.1638038409705514, 0.010762417121454305, -0.010915708917436352]
0.999560194891587 [90.06146395780394, 0.16533154339412415, 0.0105991052268187, -0.012925609427929051]
0.999531600312948 [89.91003863976658, 0.16651842557459479, 0.0105242622307971, -0.012167057262326277]
0.9994914051168107 [89.7531032413188, 0.16806336438831077, 0.010274842131862624, -0.00865350898159999]
0.9990905997934393 [90.05828032025289, 0.16486097142822392, 0.010954004201403047, -0.010857910197205778]
0.9917327316519362 [86.4246662255656, 0.1989339001772371, 0.008066466909583125, -0.01546878019952283]
0.9833084737205291 [94.90147398391173, 0.12590370938751438, 0.01886935083908873, -0.012040119139410296]
0.977954814907145 [94.60800765812988, 0.12534702837669917, 0.020769139358658432, -0.010724708595184058]
0.9061826653495457 [83.45951592580126, 0.24938237834799512, 0.0007903777482507874, -0.004846863247580057]
0.7821668447968472 [92.55296457923893, 0.16189975336214485, 0.004556153889501407, -0.009580528284574955]
0.6532968058134793 [106.3793614851885, 0.10758749474307151, 0.0035692323142313956, -0.028280027768451992]
0.31255464525035015 [109.53625491629435, 0.1724141191906905, 5.244504662233562e-09, -0.012330833770830166]
