0.9993097190394621 [76.95793985705579, 0.16695921120285834, 0.30464860417051587, -0.008588692459974435]
0.9992983468329433 [76.9512610961779, 0.16694787520135504, 0.30467714322455797, -0.009186746721455943]
0.9992909928633613 [76.9475151333192, 0.16694012544594078, 0.30469401928173023, -0.009567010602863506]
0.9992788283359527 [76.94234480863184, 0.16690805890140087, 0.30472201866066856, -0.01019096513566236]
0.9992776269006864 [76.94141371340257, 0.16690460417131886, 0.30472633795703646, -0.010252006263667655]
0.9992737934654539 [76.93975014938951, 0.16689072127898763, 0.3047361411595658, -0.010445549780985577]
0.9992660610993341 [76.93531692302925, 0.1668898282741771, 0.304753511231353, -0.010833019752020258]
0.9992401517070229 [76.9351870378852, 0.16672431338736382, 0.3047980085359716, -0.012065664238419998]
0.9981186438566207 [77.46757907270751, 0.16389208192617702, 0.3035722911509128, -0.009701543476753637]
0.9966920459149379 [75.97288199637016, 0.1688773878533999, 0.30821664262608073, -0.00941875761058802]
0.9848836432732719 [75.51142346392068, 0.18584510916373354, 0.3055769857500555, -0.009839611500080689]
0.6199394149933076 [193.4558990203349, 0.22967174527919365, 0.16311586490749144, -0.017828959246651697]
0.21810343298018386 [56.57300256882341, 0.2408933219438088, 0.26184218249624874, -0.010792012397081665]
