0.9994372779830045 [65.02926109389045, 0.16425919146091023, 0.20602487296867514, -0.010153859712494193]
0.9994357456004813 [65.02911627141735, 0.16426109474771472, 0.20602490478989968, -0.010223660031085033]
0.9994316153795296 [65.0273101459768, 0.16428532604982407, 0.20602261938104127, -0.010408483588001893]
0.9994298739316848 [65.00351193164214, 0.16474960274014244, 0.20592862585308364, -0.010280476731378002]
0.9994273903440672 [65.03619796231948, 0.16412011439875673, 0.20605514154708304, -0.010581934320134417]
0.9994234889673312 [65.0263826282472, 0.1642956660898121, 0.20602266274868675, -0.010767981915801205]
0.9968014779243191 [64.8157467400371, 0.1651733232897396, 0.20680345921496351, -0.008531958416762289]
0.9919641155493159 [63.979712418567, 0.18350820711048113, 0.2029139856480375, -0.010368230883739588]
0.989037233192997 [63.757368842102885, 0.1875041245696965, 0.20241035257253936, -0.00973771438920326]
0.8279225197243958 [68.62325817548644, 0.120071128163829, 0.21367885949292426, -0.01057865257691412]
0.4160351220279914 [81.06881516418505, 0.21461962124812395, 0.18447187556753178, -0.011867673801614659]
0.3731634017442602 [61.01539574851034, 0.06367134122773585, 0.24513395226568063, -0.0177627920942265]
0.13297176089783558 [68.81072013477996, 0.1569208147006723, 0.16690381642909777, -0.009830966901349818]
