0.9997830067028428 [40.068643893571, 0.16572679271475863, 0.01013772043565915, -0.010554466641300796]
0.9997181869336232 [40.071746902439294, 0.16567618797215683, 0.010149298150990912, -0.014706978591575364]
0.999092249349844 [40.229247502063494, 0.1637131527656879, 0.01032364199224656, -0.010494493172546734]
0.34262389915405067 [31.19338775337429, 0.4236061703428283, -0.005121797210363165, -0.007485479103087677]
0.3325395442673651 [38.83866704117044, 0.20777284222345827, 0.004801323592237628, -0.010891986013657002]
0.31539605795412384 [43.09627176578864, 0.16135151319623095, 0.004147849132732, 0.010320082911632167]
0.2617873223779471 [45.321878632566126, 0.1490310425221329, 0.0017971241779533064, -0.010529591206011409]
0.2156428981942794 [42.545429288942735, 0.2130313886790211, -0.0005559204309682887, -0.013846937758013714]
0.14933755387725067 [45.40150576343768, 0.26555215083045924, 5.147760246137034e-10, -0.013295356523456488]
0.04597397747666099 [39.846180362533374, 0.19441761356312032, 0.04303591907838861, -0.0101355834003952]
0.04500457938156888 [41.74530114826798, 0.17193328684400852, 0.046065983885683115, -0.009590720555724422]
0.04300483164389457 [39.291581688549485, 0.19116317286948625, 0.036249221597514134, -0.009848334030192807]
0.03758264942032763 [37.374996427884874, 0.1836988167416931, 0.05551188173573939, -0.00822315314046913]
