0.9987440631527219 [75.76261586734188, 0.14725183963183608, 0.40434141061733175, -0.009303278548082466]
0.9987160225341265 [75.77206447579755, 0.1483012787259056, 0.4039501972396408, -0.010172999666645564]
0.9987021784731168 [75.86065431011878, 0.15078481740130179, 0.4032904784563638, -0.010449909008526916]
0.9986922772914953 [75.9143991095187, 0.15080655107614105, 0.4034096673639186, -0.010364026583095985]
0.9986595211102799 [75.83616998817112, 0.15078341475101484, 0.40318120275293534, -0.011588014418201339]
0.9986456729755835 [76.14646194956262, 0.15347952545041885, 0.4036988306191357, -0.010175376445121134]
0.9985375374653774 [76.59471632859288, 0.17392888183447694, 0.3973959415295173, -0.00782405321539889]
0.9984941425503475 [76.5770157425359, 0.17228449107961935, 0.39797529509252827, -0.009969781495292348]
0.9984771301419252 [76.55680172069326, 0.17228449179892485, 0.3979032899743552, -0.01039363768272387]
0.9984264279071796 [76.65850392854826, 0.1722844913607081, 0.39833699389845584, -0.010544680447461026]
0.9984153122740346 [76.6362201499237, 0.17228614614309062, 0.3982622686521802, -0.010847064867244124]
0.9982786145487035 [76.92190197807918, 0.18111666841537888, 0.39624015394310486, -0.009955704884738582]
0.9924449086720318 [80.75353808651401, 0.14344210779383973, 0.45432505308935933, -0.0096017195298082]
