0.9989685940081022 [89.1949433453006, 0.16474960252532628, 0.3046912006785646, -0.009267456752844131]
0.9989594492774452 [89.30425703780568, 0.17185997585157087, 0.30332868813593217, -0.009608554250333051]
0.9989585019250407 [89.25697949326656, 0.1711342244678391, 0.3035249997277286, -0.008984393990356668]
0.9989540943395119 [89.26614677511151, 0.16892984682244988, 0.3038714051732203, -0.009889705168723475]
0.9989484401262451 [89.28146094857439, 0.17072970506798557, 0.3035424133621157, -0.010050611348876184]
0.9989458145270874 [89.28531959554424, 0.1722844949891214, 0.3032437896739104, -0.009937368636627506]
0.9989430574250304 [89.1849743647001, 0.16474960193913132, 0.3047092438619122, -0.010130116415630998]
0.9989423552784585 [89.25833858035612, 0.16963326109712418, 0.303757366880857, -0.010297690341064258]
0.99893667166031 [89.03183676079124, 0.1579875759551861, 0.3060986100925889, -0.008796400804152407]
0.9989344540223586 [89.27478575992774, 0.1722844925142005, 0.303245035600329, -0.010359539289510347]
0.998924752093647 [89.25361863678182, 0.17061136969946755, 0.30359214083743036, -0.010831704200713676]
0.9989217344880323 [89.10069841002411, 0.1614926568737482, 0.30538269488384706, -0.010408733677819925]
0.9988626102659587 [89.27058866691756, 0.17362644471702532, 0.30305106542115473, -0.0125913769455076]
