0.9990902454873518 [90.81372543320396, 0.1647496057655783, 0.4140478795546274, -0.00483907036387448]
0.99906937593773 [91.02237633307831, 0.16479463280706014, 0.41545415580220035, -0.007377280737456627]
0.9990458982791175 [90.21577398942964, 0.15881520378199776, 0.415545922753797, -0.008526207388888585]
0.999037435914544 [90.00809053569428, 0.15706812210282461, 0.4155444212694639, -0.00959084476438039]
0.9990343159916533 [90.23298702464898, 0.15875689813268618, 0.4156232525973028, -0.009687144068552004]
0.9990305193275674 [91.12757180069417, 0.1648355534387968, 0.4162281885610376, -0.01006486821947827]
0.9990292280503648 [90.95063792141863, 0.16295813715485413, 0.4165170133126932, -0.009912861169789643]
0.9990287177236888 [90.2559034045091, 0.15880406711499206, 0.4157712774286746, -0.010008218933118715]
0.9990263688889895 [91.16504204719206, 0.16474971093194163, 0.41645327226091955, -0.010311801525298226]
0.9990231278861892 [91.1289231863696, 0.1647496595895397, 0.4163096124897645, -0.01062148786047918]
0.9989788310062215 [91.80319256766569, 0.16919674530690298, 0.41655943835281084, -0.010184779753535496]
0.998951059840499 [89.24136412366991, 0.15203585864538205, 0.41472649060764577, -0.009773938340868735]
0.9982475757381796 [91.15302723744585, 0.16199116058360918, 0.4215839244593371, 0.009050134447224162]
