0.9991052706669264 [52.04760463755407, 0.16185018372670495, 0.4028656077082985, -0.009659092094417671]
0.9991048133079048 [52.04823535933183, 0.16185469307026373, 0.40286323612457364, -0.009680125977772559]
0.9990989724099958 [52.04589843619877, 0.16182364056976123, 0.40287778829407395, -0.009949532790391971]
0.9990896601362693 [52.04118034144739, 0.16175589449442726, 0.4029086603243718, -0.010374317722423445]
0.9990880892854235 [52.04341128669334, 0.16175579505363813, 0.40290427025107967, -0.010447078722227852]
0.9990880334049826 [52.04289102047746, 0.16175761173979764, 0.4029047817242253, -0.010449654387478071]
0.9990800120134834 [52.04061560979293, 0.16171296207245864, 0.4029234549015681, -0.010812784709678964]
0.9990787246587076 [52.04317943705564, 0.1616995442476735, 0.4029230822603692, -0.0108674611272035]
0.9990774452967397 [52.03996298158408, 0.1617003178920599, 0.40292922327336134, -0.010928356177650013]
0.9990759950400514 [52.03894525664768, 0.16167934754694518, 0.4029368315615498, -0.010993301044891]
0.9990723936242492 [52.04076188424619, 0.16164517378519322, 0.4029432722118359, -0.011153652307837514]
0.9973888854891739 [51.66121794190246, 0.15819348388591598, 0.4052658890081833, -0.010735479125219455]
0.9964664925851036 [52.26299142624208, 0.16997355758661759, 0.4002395609902934, -0.009877397496549842]
