0.9995132199720473 [77.47664388500166, 0.16567288881969555, 0.10819887333314125, -0.010003801995904492]
0.9995053137649883 [77.4794818701383, 0.16562981984252267, 0.10821007492700754, -0.010391742515949421]
0.9994997533970101 [77.48004901676013, 0.1656206553526462, 0.10821302700953567, -0.010659980898660017]
0.9994856055612039 [77.26783370200639, 0.1673573681368612, 0.1081464381561387, -0.010481765028273301]
0.9994741306056427 [77.26393030923896, 0.16741477651901643, 0.10813306191538741, -0.011007968289568758]
0.9994717712749139 [77.44838763368938, 0.16577138586043463, 0.10825875350973958, -0.01226833519568311]
0.9993133584007805 [77.01142053673475, 0.16962857395796693, 0.10800347929105458, -0.012297700718140962]
0.9990780939987395 [76.72267282136025, 0.17228449068027782, 0.10781288640198344, -0.009794891164655484]
0.9853218105136398 [80.72189755746541, 0.13859192857891509, 0.11127745559489995, -0.011477657643069062]
0.876573777632256 [74.66300484675051, 0.16341782058785798, 0.12242833468312786, -0.010399944613508074]
0.6762613868028842 [80.67352426848944, 0.16698823405581137, 0.1005026174757461, -0.009750601761271231]
0.5050590333480484 [90.2994493380221, 0.16507179789085713, 0.08965922618532066, -0.011883806589784643]
0.1370963147143498 [89.81564722250369, 0.09065774020431154, 0.07351064328810229, -0.013059967056007663]
