0.9996415400413807 [64.89576107427162, 0.17159221505375644, 0.30171171875862884, 0.03506346707677953]
0.9992263202579876 [64.85838174398705, 0.16306918196604966, 0.3042806887922294, -0.006846451579619864]
0.9991775442187554 [64.8656751104903, 0.16207447184337456, 0.30453506567523614, -0.008831589071755665]
0.9991678745485117 [64.85785715465673, 0.1625052357136046, 0.30444674834960883, -0.009164265083522818]
0.9991667975328878 [64.86272142786811, 0.16211997089406927, 0.3045352715995584, -0.00925371351592898]
0.9991608099689995 [64.86206955093986, 0.1621531188328068, 0.3045288393318435, -0.00948485527676918]
0.9991487104996859 [64.86140307327567, 0.16207195692919696, 0.3045555510098477, -0.009947583643430402]
0.9991378239263119 [64.86483040956591, 0.16162421618659834, 0.30466711281160175, -0.010237484835892052]
0.9991358705163836 [64.86098354523033, 0.1619848423925846, 0.3045830011588794, -0.010432615672736793]
0.9991164678550025 [64.84147631479249, 0.16316256418841518, 0.3043314517915625, -0.010754124282506598]
0.9990480275906976 [64.85282251803297, 0.16171678000592457, 0.30469916337119046, -0.01359411094210711]
0.9986598340740791 [64.78383856910705, 0.1675718826909896, 0.3033181835306014, -0.011110570141731406]
0.9982967443714021 [64.70777179773336, 0.17228449065375645, 0.30238903609007817, -0.010350811777423748]
