0.9998323426060005 [65.05424678369211, 0.1659363490126095, 0.010228595300100578, -0.0011237106958134208]
0.999630480448672 [65.31918032488016, 0.16336901635471554, 0.010541479162805054, -0.010638370584475785]
0.9982811277774131 [65.82177774862811, 0.15875289895701833, 0.01109974350265406, -0.011615669866481201]
0.9974934951935752 [65.38261739552883, 0.1620832776553222, 0.011223579731903757, -0.010011122999156602]
0.9972496872677727 [65.95801437648316, 0.1571305322335948, 0.011598013519689233, -0.012569050696597058]
0.9939804958980054 [66.51390869498893, 0.15219304710282633, 0.012341064179850338, -0.00927430307105657]
0.5546536521841373 [67.3611295357889, 0.16881238259980408, 0.002227579983554051, -0.009238517541150239]
0.5422379153639745 [69.82297491053887, 0.15244203802470135, -0.004079320997439521, -0.018630066097666646]
0.35480744341447434 [62.634549640211006, 0.2583558881644922, -2.9549263847151913e-06, -0.009095298150350054]
0.3486807787860058 [77.8965453741157, 0.1340680333118392, 2.3701456476323733e-05, -0.01630433652139696]
0.08552962151954491 [68.40715696270203, 0.10963856580536854, 0.08049092652152545, -0.009710407115503266]
0.07391504383563141 [64.72085426283738, 0.14181184590531132, 0.06425345764256032, -0.01071749527599571]
0.07150838520919267 [68.07040463502031, 0.13380775012793983, 0.0007485678131179108, -0.009259682532664577]
