0.9995197123887354 [90.0753385956063, 0.16335715140475793, 0.10884380765626733, -0.01024819791215132]
0.9994892089222346 [90.21939471714228, 0.1616503217543217, 0.10909731850821652, -0.009084743273341567]
0.9994821855996533 [89.95159950847787, 0.16474960315457188, 0.10865420685317409, -0.010545058634970114]
0.9993908873487378 [89.81806513814891, 0.1665420873980103, 0.10834645012502714, -0.010288832025475864]
0.9992975357001307 [89.68731171553262, 0.16848585371207844, 0.10796423340077413, -0.006760629991638685]
0.9992440578208134 [89.73294073058446, 0.16771798119077352, 0.10814629751272781, -0.011350189057128493]
0.9987249090615202 [89.46347896076416, 0.17228464390802561, 0.10713502865420758, -0.00673337245971983]
0.9960133148571648 [91.16047415432351, 0.14845252901852135, 0.11221633355539305, -0.009456480297222531]
0.9600235893557025 [93.15121459168616, 0.13804278386346014, 0.11081291423405626, -0.01069107575468771]
0.9256262683809254 [95.66396431894341, 0.11528684105083789, 0.11719176601540367, -0.0062419713399724085]
0.5183022330465927 [89.34351350405606, 0.30150005373725053, 0.08876119245625169, -0.003627580727594351]
0.47395757007621375 [109.45599218237938, 0.16882233779944672, 0.08411131244447616, -0.010599165665092452]
0.4719082516482429 [107.09059578285829, 0.17642604890122632, 0.086531794346028, -0.011461847592708324]
