0.9994359815118157 [39.964683531753735, 0.16631275719863692, 0.30293004072610796, -0.002105235954115937]
0.9992406556856713 [39.96487368100013, 0.16610977272258093, 0.3030206382446135, -0.009568440680237579]
0.9992402711690008 [39.961030598716604, 0.1661652692014209, 0.30301720115863284, -0.00955120181300968]
0.9992277825782445 [39.95931969354575, 0.16615960821704917, 0.3030297695942906, -0.009895365973129365]
0.9992213247807766 [39.95907601849618, 0.1661691291794487, 0.3030261314571442, -0.010172089298451564]
0.99921765670126 [39.959361772307446, 0.16616085741941172, 0.3030283611860103, -0.010301617485958548]
0.9992125341719817 [39.951356649148835, 0.1662968808416924, 0.3030138489917862, -0.010231845466471627]
0.9992107177736729 [39.95979683263677, 0.1661485439775751, 0.30303150358187814, -0.01054371086308933]
0.9991894891789987 [39.96097469749395, 0.16611630551451617, 0.30303944444763065, -0.011273308907164084]
0.9991786948267517 [39.960932371079686, 0.16611490393014303, 0.30304060379254316, -0.011632272831321365]
0.99861450659158 [40.102907216870406, 0.1639840158441045, 0.3032120934166643, -0.010252763682249977]
0.9958303930489192 [39.71166244960591, 0.16946770111526205, 0.303044390814047, -0.010833240976858387]
0.350521909025971 [39.49229336137084, 0.34666931650704824, 0.2864817725561558, 0.0057667479756975185]
