0.9993036343036515 [89.53663867091186, 0.16467135891289666, 0.20715423888407128, -0.009276778868877227]
0.9993022582508544 [89.53637238206707, 0.16467895280116776, 0.207152648964258, -0.009350323462794522]
0.9992888981992096 [89.69894496349923, 0.16421288080881724, 0.20696230982571495, -0.00916801169594295]
0.9992864384744856 [89.54530400978433, 0.16453943542563165, 0.2071836736518834, -0.010140096994971894]
0.9992862318759487 [89.53909584707554, 0.1645820844199073, 0.2071850280708066, -0.01017195667025498]
0.9992829269389172 [89.5396224665337, 0.16456320370312377, 0.2071915170830461, -0.010337314029287703]
0.9992816231387336 [89.5395617197771, 0.16456370526690828, 0.2071920601144474, -0.010401941520151125]
0.9992662775074019 [89.54298120289755, 0.1644483336342179, 0.20722883648965773, -0.011150775442557555]
0.9982906109761716 [89.13903896872816, 0.16374790743605488, 0.20874495259908227, -0.009406189656633729]
0.9979238926451577 [88.69793755041496, 0.17228476638265433, 0.2064317520982708, -0.01112950575457568]
0.6833979347239185 [103.82455618101656, 0.013968617241568528, 0.20068631702590423, -0.01439991554705692]
0.45621720135325816 [99.91869320210256, 0.1795122098476247, 0.19871994529980858, -0.010254423121415123]
0.45385291927358473 [100.75942408160061, 0.15937466516124232, 0.20113277924595863, -0.010814959063955201]
