0.9993946095048875 [77.28628849412564, 0.16810896370467648, 0.010144065017533503, -0.010439059826221415]
0.9927782088673275 [74.87061629887856, 0.1924693455984149, 0.007605867018611861, 0.043298106807923106]
0.979397830546425 [81.58833303371321, 0.1318961466851275, 0.017288734333262133, -0.009402464768609366]
0.9758280380189334 [73.3138583751821, 0.2083113547833801, 0.007224458439725429, -0.002648489537547609]
0.7636019106092925 [80.70482039561824, 0.1263544728884437, 0.02445194921266429, -0.010527161202548032]
0.7627620467303554 [81.67559962551462, 0.12028788577901905, 0.0257945447616849, -0.00933712776860747]
0.6906444025882704 [71.44325969388781, 0.2500000103298925, 0.0010633203384988622, 0.0009481909904619056]
0.6533154144242385 [79.77143778452721, 0.1719977587783936, 0.0020371305520801757, -0.009694470515263433]
0.6418033338407283 [80.53500647017871, 0.16755701147065133, 0.001526054853850694, -0.009709292118818607]
0.3732806926591342 [95.7649032820535, 0.128879777519629, 0.00019458216529964434, -0.011705268973442599]
0.35136983157259116 [93.59868379903148, 0.1362329179219662, -0.003068665881988809, -0.017315300425088116]
0.33659191999690974 [85.37240802723595, 0.19496954100688696, -5.3329917407392587e-11, -0.011466019489696996]
0.26464827386257683 [76.04728109671919, 0.36993402837826006, 2.441309285445326e-07, -0.013922634893411159]
