0.99896331390731 [39.85509434053294, 0.1653322850243113, 0.40125145827162645, -0.009483703827091652]
0.9989632712380161 [39.85995245067349, 0.16528080919662758, 0.4012490118245662, -0.00945343441968273]
0.9989540938826821 [39.85286875196924, 0.1653506717249169, 0.4012559538584588, -0.009767974078821937]
0.9989538225055824 [39.85458144034723, 0.16532201281749087, 0.401257500702907, -0.009795107068571422]
0.998941893172603 [39.8527784720534, 0.16534204010373366, 0.4012586977726247, -0.010174092174123663]
0.9988907174795801 [39.852021850249386, 0.16522669605948187, 0.40130178170694586, -0.011817089143109154]
0.9966803150258309 [39.71445794066, 0.16474960552982498, 0.40223286208810594, -0.009817231235432693]
0.9966310258626838 [39.726785736222666, 0.1644506589581039, 0.4022823243146094, -0.010632606896026745]
0.9552012230028927 [39.00313201889279, 0.1857388569549723, 0.3985519496230916, -0.010440183060738519]
0.6366389699064975 [42.24564698220615, 0.17228449125454864, 0.3942200418731504, -0.007145059062877253]
0.4700571963859205 [39.23096267293508, 0.505013818058037, 0.3794606037622994, -0.0035407578500486264]
0.36227031747163907 [41.10503686058115, 1.0637796318380324, 0.40187536200973095, -0.0064989867732963185]
0.26516872173350003 [38.85706736008794, 0.20757778043085626, 0.4394355034299046, -0.010646542221732122]
