0.9992417679114131 [52.40555208382415, 0.16531975572642404, 0.30355239968171877, -0.010178568541995291]
0.999238566990824 [52.437672620071865, 0.16489561742384223, 0.3035876928927793, -0.01001647190037442]
0.9992350557925412 [52.40415171130694, 0.16531879762789975, 0.30355855121415776, -0.010439725632433734]
0.9992344668167309 [52.407887208778604, 0.1652770453545066, 0.3035599749755771, -0.010472758850027616]
0.9992344165562236 [52.436106932581424, 0.1649464571997678, 0.3035784173827376, -0.00997377609866698]
0.9991737724890659 [52.34798473041756, 0.166150846635565, 0.30346460741080405, -0.010035857226324708]
0.9990840133555509 [52.32697080988922, 0.16669518773901854, 0.3033419444331576, -0.01042232093810332]
0.9984248219878001 [52.18709863497661, -0.05770151009368006, 0.30311141685256415, -0.008614004014706373]
0.9982933745069615 [52.658919490063056, 0.16163702615361453, 0.3039831021807664, -0.009726733198705786]
0.9978485841050395 [52.3186320475412, 0.16433823261883368, 0.3044333471123513, -0.005186626246743596]
0.9977492149665903 [52.348474731490555, 0.16433701082051688, 0.3043221244531351, -0.010261750969730686]
0.4279692368960767 [63.47325536048144, 0.18067243540812478, 0.29245808236328497, -0.00903041330488047]
0.3153318341641206 [50.661941628176926, 0.9715238200462104, 0.3227374905373692, 0.009930686089420958]
