0.9996035235729234 [65.09435149964355, 0.16505101686777568, 0.10801802498186497, -0.008545498140628906]
0.9995717340800845 [65.08292095574562, 0.1651324600276346, 0.10802757740714106, -0.010231523387734157]
0.9995706686759306 [65.08324483285472, 0.16512811460911675, 0.10802853514377583, -0.010284893686335755]
0.9995615417673054 [65.16678576432973, 0.16433398200215515, 0.10807849600533542, -0.009081319657807514]
0.9995609619870048 [65.08369112430094, 0.16511227424667613, 0.10803547311029808, -0.010766869422230037]
0.9995509188491783 [65.1227966403694, 0.16474971203522937, 0.10805408356112073, -0.009988796171589516]
0.9995487699655272 [65.08571493132933, 0.16507610585640775, 0.10804643544493386, -0.011361840464046882]
0.9995437560608077 [65.21013025115953, 0.16387174274202096, 0.10813333671352685, -0.010155376817650982]
0.9995048844473481 [65.27885790087146, 0.16320960274635204, 0.10818264150122858, -0.009708612984307419]
0.9993860629162543 [64.77374564909219, 0.16830726789189593, 0.10773817067775507, -0.0097531512784167]
0.38722250853183326 [75.3520105241254, 0.1751954540852369, 0.0897078058025032, -0.010991524713856927]
0.2977730356245265 [74.6496280460882, 0.3094044339878989, 0.08258499737589081, -0.007401990491134755]
0.29510569489090543 [76.54840394705732, 0.27388262036746136, 0.0829949735327612, -0.011213520854563369]
