0.9997282347153639 [52.59801107156248, 0.16545151773422284, 0.01024418892156316, -0.012999603192253222]
0.9995051830707716 [52.421860213450245, 0.16725016639033435, 0.010118514550254174, -0.007748288271510667]
0.9982758608987091 [52.83627128854625, 0.16270440658854368, 0.010739311631690817, -0.013036034946977242]
0.9878279870414863 [53.97986001930539, 0.15146582085394136, 0.012028438275305482, -0.010957787889753998]
0.9813445889036002 [54.04415451344607, 0.15010845530947087, 0.012833013810602346, -0.010424235453940986]
0.9331042316744799 [56.72113925802392, 0.13001041863590013, 0.014228160186274721, -0.006657054051860626]
0.8020892310941996 [67.4253860751777, 0.08483109347490479, 0.012298374148619503, -0.011085839762581609]
0.7404631213090815 [73.0616332416117, 0.06973447355956466, 0.011982054526117794, -0.028981619240110154]
0.6264622507416739 [60.91943414577741, 0.11606430250448008, 0.0073757639341824124, -0.005036493097701319]
0.2882006773300223 [57.4371245558721, 0.1791721402576997, -0.0009125789981508453, -0.020232360560301484]
0.06409612951431543 [52.21242378515696, 0.1715457364090202, 0.053923387187471014, -0.009010435731522397]
0.05245063070411227 [51.49231938562175, 0.15932043441929938, 0.002310641021804797, -0.01221340795957434]
0.048182348193501645 [55.13448291004289, 0.13446144574734026, 0.0013717786300140094, -0.00947624524185793]
