0.9996268615776828 [52.56060759020159, 0.16562867866153147, 0.10782022017459274, -0.009647617658158289]
0.9996197953958996 [52.61355203241531, 0.16506663890125856, 0.10785990976969045, -0.010022059925384737]
0.9996179043995775 [52.61371801841035, 0.1650636177207972, 0.10786082620078007, -0.010121303740109848]
0.9996056348939851 [52.56183517560905, 0.16560107179709083, 0.10783004583290764, -0.010711478680394303]
0.9990813723709558 [52.624247944972225, 0.16473489901464633, 0.1080399166244971, -0.007452465055141181]
0.467033291309052 [51.982353564688225, 0.2063405660589774, 0.09959485110974486, -0.011735098440563543]
0.32183812050569616 [58.92119928373852, 0.17833533133990898, 0.09505038953775044, -0.011842911973959976]
0.31514094572041973 [56.222794295572555, 0.2099484225980227, 0.09396304473014239, -0.01059181479138305]
0.20880432351921563 [55.06944208683188, 0.17171030491545064, 0.0890945746963725, -0.010129810262965949]
0.10845838688338982 [53.882128323995225, 0.19448565551580113, 0.14480560456580438, -0.01044412820307635]
0.10686367751307446 [52.3425354315463, 0.1583658380099653, 0.1507227761477109, -0.010095480056792328]
0.10668950424581836 [52.06388374886602, 0.16137512129588374, 0.1505851646222633, -0.010485644303864526]
0.0656119674339638 [58.158333378563675, 0.12759245634678024, 0.07387686735301044, -0.010774896015574253]
