0.9996710764249161 [40.04958988660371, 0.16581452695406484, 0.10770220092851768, -0.010248968392271025]
0.9996665476110462 [40.049720330499966, 0.16581201640565696, 0.10770288505142372, -0.010493572951579044]
0.9996449202309395 [40.04148114911513, 0.16591079341111514, 0.10770022562280264, -0.011367463331481711]
0.9996380155709298 [40.06266765221943, 0.16564029726695384, 0.10771807422234402, -0.011916985903948425]
0.9972155207792476 [40.35421097647854, 0.16160803822314007, 0.10825002540581644, -0.00994629538039405]
0.9852334020006981 [39.39324499062291, 0.17511510982026643, 0.1068479851225192, -0.0105862205890094]
0.24541814377057192 [41.77258085939845, 0.20284315868381175, 0.08236011411548691, -0.01055246065965279]
0.24052783012644285 [43.57587794024593, 0.21962534643438947, 0.09507951799084802, -0.015818734730402836]
0.23174824255123117 [34.121974320874685, 0.1382319166465461, 0.12605019450872046, -0.015274083080217849]
0.20603301808087893 [38.96295042203859, 0.08381110788698179, 0.12708532255845467, -0.004898615274165468]
0.0905027587314019 [37.80579018295498, 0.19382620043498808, 0.1269309725027835, -0.010347927057031189]
0.0864628208225644 [40.55203127256181, 0.1830966559358297, 0.14220353389172397, -0.010189142800450867]
0.0333322913027887 [38.91752586732446, 0.21144765583692676, 0.07407418019061504, -0.010437545360911533]
