0.9989940554947628 [64.43031373598629, 0.1683532976200961, 0.40180054648010777, -0.009361042015947996]
0.9989884294250546 [64.49830074981674, 0.1747297547283162, 0.4009754241314295, -0.009528704087052503]
0.9989783018725119 [64.40730120538586, 0.16738119656744604, 0.4019516763810441, -0.009697720779468604]
0.9989719517446953 [64.47378239193483, 0.17136654621916247, 0.4014197950265394, -0.009739231222307368]
0.99895973138161 [64.48140852500772, 0.17228421363689317, 0.40130892852158595, -0.010168881996342492]
0.9989547517739363 [64.54611458670632, 0.18018532579718372, 0.40030161168866774, -0.010286684484648423]
0.9989163872581378 [64.32177594024117, 0.16067083527968823, 0.4029033387136516, -0.009879098000549758]
0.9988707973921644 [64.37776038283292, 0.172159503064227, 0.4014715338745105, -0.009802385152855088]
0.9988218042942265 [64.68997863129368, 0.19203118421215515, 0.39885493306772074, -0.011086015766113797]
0.9987267101248489 [64.19775193592191, 0.15078341423289793, 0.40432981974227417, -0.010652015741374666]
0.9973396241179832 [63.94513620497388, 0.17068248018802687, 0.4033536980383229, -0.009705049341391405]
0.9972543278126698 [63.87252457970326, 0.16474856513731867, 0.40414363193242764, -0.010186065204659497]
0.9971992981439681 [63.871510322541745, 0.16108591907913833, 0.4045661955942461, -0.009749352969588662]
