0.9995627950023315 [40.019367600317764, 0.16600093972070445, 0.20527535242008563, -0.006547470819093418]
0.9995279741522475 [40.02542688045979, 0.16589015854891673, 0.20529584880201157, -0.008130134142460013]
0.9994843663732726 [40.027371583714036, 0.16583767412122405, 0.20531188703968362, -0.010041991016825931]
0.9994827738086266 [40.02728487961334, 0.16583821086258121, 0.20531219402881043, -0.010108649625993088]
0.9994801327948436 [40.02747395554978, 0.1658342882797717, 0.2053131038014327, -0.010218952329969203]
0.9994717310803788 [40.02901427967693, 0.16580709741867067, 0.20531768159650138, -0.010565350263016218]
0.9994694570291118 [40.027111654814725, 0.16583573507204263, 0.205315001401651, -0.010655009880997716]
0.9994629831679025 [40.028601694368604, 0.16580903216243495, 0.20531955750739977, -0.010927274489532998]
0.9982206808616666 [40.21353783527836, 0.16286479462779746, 0.20571163668684414, -0.01034348014283318]
0.931244666632875 [41.509798878201664, 0.14280533762783348, 0.2093988876469916, -0.010251129269713471]
0.3228377695609477 [36.79494032846791, 0.3009234245555308, 0.17891527913818178, -0.008080220180269337]
0.15257819675657947 [41.63976078854199, 0.16878793688742633, 0.22154152110944614, -0.01002168777479168]
0.04852978408823416 [42.55549754399367, 0.15256306742693893, 0.18346266647372705, -0.009991852797111286]
