9.972559266040081916e-01 9.966459808578286284e-01 9.959649936513804702e-01 9.953017317103887152e-01 9.945216724596677160e-01 9.936716164597658718e-01 9.927548878390681786e-01 9.917796759079594571e-01 9.907593759484923934e-01 9.898118264643855913e-01 9.888753989760726837e-01 9.875827294261549927e-01 9.870654325575493049e-01 9.856259745613175083e-01 9.845273454953579195e-01 9.828574668484040266e-01 9.837260273066661398e-01 9.826043773551915717e-01 9.823039693087380897e-01 9.829133119173230071e-01
9.964737018024332205e-01 9.957511017589779634e-01 9.949285097025538649e-01 9.938245507577371241e-01 9.931890254319446498e-01 9.921659996087260902e-01 9.910703062758731141e-01 9.898950434815014798e-01 9.886909334584443876e-01 9.876013907339540321e-01 9.861515999531762500e-01 9.852968800673730376e-01 9.836009469357089863e-01 9.823901430434318627e-01 9.812664403496136334e-01 9.802669779790784688e-01 9.802275077699396100e-01 9.798564864754518711e-01 9.784274515018515084e-01 9.761487932861797612e-01
9.951209306614702266e-01 9.947055639134464444e-01 9.937420811994773784e-01 9.924493941354013415e-01 9.914962652783718688e-01 9.902351279138241757e-01 9.888587634007417471e-01 9.874650394635972050e-01 9.861639467319628372e-01 9.847157363501470861e-01 9.828806038052749772e-01 9.818984937400148105e-01 9.804902080957699217e-01 9.790318689406135588e-01 9.779031766935336600e-01 9.767838038300226122e-01 9.747017457548132757e-01 9.739456765480216660e-01 9.748033092357752949e-01 9.745538926377883548e-01
9.937853445659259322e-01 9.937784789147696696e-01 9.928088105897612259e-01 9.908027353972049811e-01 9.900680868940305857e-01 9.888050995050834402e-01 9.869905925945230418e-01 9.857365171101351020e-01 9.840906319370036348e-01 9.824513027186327907e-01 9.808427961993810840e-01 9.792246373648049174e-01 9.776236801906461604e-01 9.760821769100641587e-01 9.746433326870909131e-01 9.733602828185152767e-01 9.668226816652890632e-01 9.714746474811283283e-01 9.709692589416238917e-01 9.707425641133553551e-01
9.941103685765262377e-01 9.928185827002476982e-01 9.913852388024104734e-01 9.899435610682592035e-01 9.883955667164369130e-01 9.867326128047650968e-01 9.849529675729964406e-01 9.831918117306758242e-01 9.801552785287298564e-01 9.795222342004642480e-01 9.770720844635792934e-01 9.756669222115512685e-01 9.737488259958922976e-01 9.718946790085162268e-01 9.701601071026749734e-01 9.686026674140413295e-01 9.672963984572829910e-01 9.662954811741010230e-01 9.657110842416208873e-01 9.655094902851788508e-01
9.935443772511393101e-01 9.921961089974867809e-01 9.907082491560695869e-01 9.890807303970378106e-01 9.873022718859387759e-01 9.855076970736214026e-01 9.836464840029064405e-01 9.816820799388797925e-01 9.796448766623513382e-01 9.775059010192731490e-01 9.754124931119281250e-01 9.732611597237504908e-01 9.710003165501008837e-01 9.691692449293070055e-01 9.671625891881253656e-01 9.653962412485006528e-01 9.639610750855661658e-01 9.630820118056702128e-01 9.624308034156130454e-01 9.622013275312283342e-01
9.927183724568667822e-01 9.911071740474645120e-01 9.894222495077354962e-01 9.876872764921916792e-01 9.858138081178298151e-01 9.837466050189601630e-01 9.816305377036071977e-01 9.796400270475336125e-01 9.774540161633329394e-01 9.752138617627197359e-01 9.728170867600711702e-01 9.706121713197480849e-01 9.684177601124214219e-01 9.662851218990106128e-01 9.642804661719197590e-01 9.624926962273292474e-01 9.609873160860137320e-01 9.598379705963270281e-01 9.591316780835164035e-01 9.588885451326237819e-01
9.922659668679598699e-01 9.906550473219969399e-01 9.888782994933740245e-01 9.869584761312857335e-01 9.848772380267601934e-01 9.827328793333022228e-01 9.805193211064269221e-01 9.781815061172619563e-01 9.757356204776379549e-01 9.732264326385002828e-01 9.701607283101094659e-01 9.682955352581695818e-01 9.658361129258533628e-01 9.634574331828542615e-01 9.612311623147948847e-01 9.592409179003142938e-01 9.572277085457205903e-01 9.562037750321916718e-01 9.551923972954312614e-01 9.552530557242667753e-01
9.912847148150463195e-01 9.892402964520088382e-01 9.874100317790476256e-01 9.853943667080323765e-01 9.829412594160886751e-01 9.807900314425341826e-01 9.784840067413860254e-01 9.760346511105537637e-01 9.732022948486748204e-01 9.707768469762843022e-01 9.680879108535672684e-01 9.654393435847254956e-01 9.627940692138036161e-01 9.602212943202101947e-01 9.577946658661905532e-01 9.556289036788746527e-01 9.531832326345256456e-01 9.524162543182667084e-01 9.515494572098731618e-01 9.512546442208942299e-01
9.912129547625921910e-01 9.892249763715457167e-01 9.871818522790203332e-01 9.849398008934495685e-01 9.824896135560428068e-01 9.799737366020638829e-01 9.773643605558203218e-01 9.745966782179833476e-01 9.717186076534458650e-01 9.687048920844065769e-01 9.659660219506990275e-01 9.630067755714546429e-01 9.600650387957991860e-01 9.572137296944126517e-01 9.545406311840480829e-01 9.521503900872727577e-01 9.501538874060079243e-01 9.486491070247656809e-01 9.476904844829878716e-01 9.473901971941235400e-01
9.901162132471740263e-01 9.881190867614979556e-01 9.858987570236924514e-01 9.835155976860112670e-01 9.811112624867547316e-01 9.784123485673764664e-01 9.757239394629356743e-01 9.730111409139070577e-01 9.701567688145347201e-01 9.671830880009837372e-01 9.641215305305349537e-01 9.610121047499884384e-01 9.577042639741754071e-01 9.549523843394385203e-01 9.520582298173282387e-01 9.496730876301415769e-01 9.476021771260957349e-01 9.460250327590489228e-01 9.450488242582096854e-01 9.447141332388382384e-01
9.890922618076644079e-01 9.874684216627097610e-01 9.850879739128285406e-01 9.825827356312578642e-01 9.800016054597328052e-01 9.772739824124500041e-01 9.744360932814470910e-01 9.712906791731757972e-01 9.660091334266309726e-01 9.649064441680184068e-01 9.620798942149397792e-01 9.588694474262834389e-01 9.550258382819992731e-01 9.524575421410920173e-01 9.497492021891000835e-01 9.461876346070984267e-01 9.449544972426092704e-01 9.422233591278370568e-01 9.416885759270897660e-01 9.422922878029776905e-01
9.892725727431408433e-01 9.871527776810170574e-01 9.848119849795308189e-01 9.822776419180073715e-01 9.796914129627827261e-01 9.769321504983656812e-01 9.736521906822325212e-01 9.710323947749746054e-01 9.675785442220156130e-01 9.646190267600311952e-01 9.613354836550787041e-01 9.577605069852616060e-01 9.545377201723752592e-01 9.514937809663827073e-01 9.484624420338703121e-01 9.450238084985898013e-01 9.434612192548158527e-01 9.399589422910602510e-01 9.406579802199380724e-01 9.404178299133879593e-01
9.885078016656216882e-01 9.862183465345542022e-01 9.837183692788808997e-01 9.809884967598528904e-01 9.782455005591176311e-01 9.753054185496892181e-01 9.721940604702804523e-01 9.688413797612824840e-01 9.654517267537332526e-01 9.624071939634459838e-01 9.588911912549200611e-01 9.542910473672505667e-01 9.514173119074751384e-01 9.483347407239807181e-01 9.443123104080028973e-01 9.425336480527159999e-01 9.378106442325266912e-01 9.383185287947997111e-01 9.371818710573205369e-01 9.367954149498239902e-01
9.882007478875732831e-01 9.856987418470845030e-01 9.832406579409588288e-01 9.804820697629776927e-01 9.775713742559622998e-01 9.746041091177662929e-01 9.714374157946948918e-01 9.680850396305255012e-01 9.645205919133928996e-01 9.610278736336170802e-01 9.572698627473353872e-01 9.540156254537933700e-01 9.500412501061596959e-01 9.469684042191625073e-01 9.470881812662921284e-01 9.386493359562170236e-01 9.365400824687900583e-01 9.359007263773905239e-01 9.347199599081634780e-01 9.326133537782966831e-01
9.875150479358235645e-01 9.849223278269553239e-01 9.822099124880547816e-01 9.793581792811317799e-01 9.763148313545552126e-01 9.729611042109921337e-01 9.695787764595440450e-01 9.663469301551232959e-01 9.623311174544865176e-01 9.589654321740928022e-01 9.537939977467897457e-01 9.495662379761353744e-01 9.467244904838324482e-01 9.437207378180703099e-01 9.384567401983280321e-01 9.361425187912855161e-01 9.344162893117659019e-01 9.344164497828829630e-01 9.308688801559531489e-01 9.294716876249466964e-01
9.867892339048472961e-01 9.844232464685553907e-01 9.815067457614062851e-01 9.784872451756082556e-01 9.752630351286537547e-01 9.715666412069950963e-01 9.678557701628973664e-01 9.621919682259298945e-01 9.583297554085363767e-01 9.538082185123836210e-01 9.498578688993876140e-01 9.458249198134517366e-01 9.415510074819329889e-01 9.376077198537792201e-01 9.124870884759517242e-01 9.323341574291982292e-01 9.296491838573097688e-01 8.362847986224558605e-01 9.264543872668885571e-01 9.248325116464775064e-01
9.866222840639933267e-01 9.842358211907633603e-01 9.810646599330172801e-01 9.789322951003833762e-01 9.749039436362053612e-01 9.710474923440529649e-01 9.734939603157123367e-01 9.666738276664221807e-01 9.625913118160543958e-01 9.567398756164809948e-01 9.512670432364782602e-01 9.508972291914459252e-01 9.486991570744496283e-01 9.452244436664954952e-01 9.372831780773410726e-01 9.389893139887619533e-01 9.365297503656532241e-01 9.336454172660721973e-01 9.267538968471347172e-01 9.315198074759737379e-01
9.865899834312883421e-01 9.842380965624534239e-01 9.810083968109934993e-01 9.787334760964040425e-01 9.755353437216636170e-01 9.728000309014076530e-01 9.697098393363544622e-01 9.663755320463327525e-01 9.759309121847651314e-01 9.551683897900421494e-01 9.557994299499443791e-01 9.459697021386698212e-01 9.613003436591786022e-01 9.428615139487982466e-01 9.395352869005849650e-01 9.322196847164070377e-01 9.362385227950791311e-01 9.314277367374648176e-01 9.250990680982084102e-01 9.257407675985783735e-01
9.867214797662543502e-01 9.843566023184867619e-01 9.807445786343714778e-01 9.787245291329832453e-01 9.753536265132923821e-01 9.683729719667022451e-01 9.635211149331688318e-01 9.044294487717416953e-01 8.961917578729062805e-01 9.542328121185021939e-01 9.322795773575320855e-01 9.229646970411896634e-01 9.214734771917920675e-01 9.420922589793649937e-01 8.502507903844266357e-01 9.027071918547784346e-01 8.428227201768732080e-01 8.975901468541518380e-01 9.208106068931382060e-01 8.955526704250614811e-01
