9.636788022251184804e-01 9.754912730610023619e-01 9.670959298353051237e-01 9.687597488527330825e-01 9.698907467847875941e-01 9.694465434633258161e-01 9.646661606443086567e-01 9.525692127064002701e-01 9.292358678544011541e-01 8.974458040609236686e-01 8.651382774860270075e-01 8.333576940894906748e-01 7.696543216592255376e-01 7.576971789038187133e-01 7.521962752779911554e-01 7.538533550494664892e-01 7.583531347810109624e-01 7.566418475834161272e-01 7.218656644373813158e-01 7.492986635131826390e-01
9.625579607620560196e-01 9.643995871855587376e-01 9.666834745047077071e-01 9.751878048787402387e-01 9.699163807202677567e-01 9.698240798220215675e-01 9.654750352403197455e-01 9.528010224726809474e-01 9.292409762564352027e-01 8.969781952001488756e-01 8.633279264007207576e-01 8.468052178866589674e-01 7.754287375976197660e-01 7.555497760005132069e-01 7.523275403570882647e-01 7.537268351510600928e-01 7.576844891281593330e-01 7.481916608368519572e-01 8.123252139713482700e-01 7.353784304051121934e-01
9.617668656232439828e-01 9.641706957492685026e-01 9.661084141431827144e-01 9.683335921361241327e-01 9.699839089988870899e-01 9.702745467198524709e-01 9.657936497711340218e-01 9.525821842641936099e-01 9.285183527988563057e-01 8.972966345811892452e-01 8.631800622608839513e-01 8.442625938445563749e-01 7.687476667336998748e-01 7.633529333086364055e-01 7.535735350458170334e-01 7.562082189817479483e-01 7.688174608905414820e-01 7.324081821617488552e-01 7.292052975983158714e-01 7.438832657266187809e-01
9.611372982349393190e-01 9.632325582726304347e-01 9.654832964137821660e-01 9.681980589537274584e-01 9.702826690665801168e-01 9.705334222759540719e-01 9.658938272586924390e-01 9.520059235773651318e-01 9.277786314078110275e-01 8.969156403733826721e-01 8.633886219701081277e-01 8.454663351842389707e-01 7.829573624465540060e-01 7.593087952951320663e-01 7.544020989644367736e-01 7.573758339664672379e-01 7.492278406587347117e-01 7.386942140506909116e-01 7.319647434235834194e-01 7.504656548572861130e-01
9.605747866365593746e-01 9.628876777422659128e-01 9.653197787029770272e-01 9.679937957872223331e-01 9.702797812201154892e-01 9.705626036958682201e-01 9.656564781926585406e-01 9.513621039957559367e-01 9.269613610444871199e-01 8.969942835727539032e-01 8.638301921884181667e-01 8.335381409670128416e-01 7.865391874658930194e-01 7.605916931179359519e-01 7.513399410452151761e-01 7.634987665546510982e-01 7.493148335631197865e-01 7.410419855710499437e-01 7.351587407674528007e-01 7.517828484832086433e-01
9.604266219332253662e-01 9.621661223902906457e-01 9.648491398426327637e-01 9.678240462421336954e-01 9.703820428658145314e-01 9.706081334822624918e-01 9.652014265419495143e-01 9.504578865349231354e-01 9.261250559955984674e-01 8.967639547292121094e-01 8.647063827894764243e-01 8.467549496105362117e-01 8.157735912683757862e-01 7.656168725763674576e-01 7.565525870045727297e-01 7.542333554060557388e-01 7.496372194044912396e-01 7.407764139995528518e-01 7.380455335680021767e-01 7.501785714247850567e-01
9.597972266618052251e-01 9.617002018692418774e-01 9.645862406703923364e-01 9.677673896949702259e-01 9.703471930823815983e-01 9.703724686748778083e-01 9.640767559702230205e-01 9.493633029503319998e-01 9.254256221146088812e-01 8.980639557075087431e-01 8.664073417600918203e-01 8.466974160879059408e-01 8.029053216559042250e-01 7.871371915778269113e-01 7.730394626964309790e-01 7.602630709437273593e-01 7.502360316392218120e-01 7.405336457007708484e-01 7.404755419550467233e-01 7.543777615528205471e-01
9.585773717901019397e-01 9.613552493178473268e-01 9.640854538303026411e-01 9.673535363471527093e-01 9.701023674213636871e-01 9.698321778522971393e-01 9.636683614597071346e-01 9.483518212936868919e-01 9.201636200673198873e-01 8.887611263425609920e-01 8.672159999595975277e-01 8.391513375934603891e-01 8.195452512259718825e-01 7.766075086817683104e-01 7.774113430458644558e-01 7.549450983928446268e-01 7.503468738398703097e-01 7.417968095770777204e-01 7.468243167936784443e-01 7.524814477822971970e-01
9.591107193079678739e-01 9.610172119979016880e-01 9.640498535301668115e-01 9.672952137274624107e-01 9.696248494316702660e-01 9.692100018299314446e-01 9.625314895780401336e-01 9.484514100930040437e-01 9.257925420619910195e-01 8.964899001239249321e-01 8.696948575995837594e-01 8.483735068985130967e-01 8.105879484416669278e-01 7.892561410036131875e-01 7.634879991250893561e-01 7.558934236007391894e-01 7.508952436328572011e-01 7.384695709624846671e-01 7.451441157734918219e-01 7.534362910391445567e-01
9.576656216514534137e-01 9.607431249235776072e-01 9.636947814769034615e-01 9.671261961289959741e-01 9.693013455022061464e-01 9.683623809877228705e-01 9.614388776629523292e-01 9.461221740892710175e-01 9.246659170463187305e-01 9.010781535980600943e-01 8.701042314312341652e-01 8.487801517082942393e-01 8.127622819389656028e-01 7.733377492914956797e-01 7.648796789383375261e-01 7.556435822909682853e-01 7.540574801271552330e-01 7.397480291062533686e-01 7.471996369520943482e-01 7.541532440527145553e-01
9.588329835960179848e-01 9.606322147428236757e-01 9.636709628322230881e-01 9.663706049144530352e-01 9.685600791100760221e-01 9.672598764568016705e-01 9.635290356549228719e-01 9.458923984216982550e-01 9.040158178422263990e-01 8.991366746073241600e-01 8.706452792590506640e-01 8.488289456724420479e-01 8.136950866408398930e-01 7.840548554037869433e-01 7.637502305375699629e-01 7.561520164590429527e-01 7.512743572926940949e-01 7.410741464540373524e-01 7.490792055119213089e-01 7.546671222602310269e-01
9.575492063548278754e-01 9.604685495761794423e-01 9.633562365756208612e-01 9.661906155101975813e-01 9.676408629041869380e-01 9.661012143795171259e-01 9.588960178494491116e-01 9.191272597945709943e-01 9.244409393270074382e-01 8.915848723908387230e-01 8.712155488243252810e-01 8.463838115506998605e-01 8.179171452433713352e-01 7.854662477695568690e-01 7.640078654480340070e-01 7.597805185390412719e-01 7.487926848417842951e-01 7.423580637641589153e-01 7.508599051073020503e-01 7.550087398771163638e-01
9.583170475098683472e-01 9.597994009675273608e-01 9.629429878927655562e-01 9.655466796642218075e-01 9.676740311312468368e-01 9.648754321292452030e-01 9.590723363163292658e-01 9.015710022580396554e-01 8.933810589135479097e-01 8.905196861478792414e-01 8.710572602191076763e-01 8.456736242731134334e-01 8.196724667814305754e-01 7.908168222535350012e-01 7.651020227787980188e-01 7.556267718895089969e-01 7.539755933001610622e-01 7.437644849879243569e-01 7.522753588333929153e-01 7.551826410932989120e-01
9.586597226756172763e-01 9.599728415277296589e-01 9.623534685816583778e-01 9.651053542898107018e-01 9.686006047268226338e-01 9.622310366052203578e-01 9.522721313744811900e-01 9.366637620251562213e-01 9.004662432624984669e-01 8.902053190474709110e-01 8.701255475722682320e-01 8.461205021763477108e-01 8.166854923114648113e-01 7.791282147810844050e-01 7.644512423188576378e-01 7.553787101046699481e-01 7.420594877672898049e-01 7.451490744497241137e-01 7.667681213832198139e-01 7.553582713339350718e-01
9.573972507783150565e-01 9.580183052953149536e-01 9.600670456989023327e-01 9.658161296806521134e-01 9.650639455288576585e-01 9.695637081132265633e-01 9.554722683356657864e-01 9.400182506485807998e-01 8.870982471696567950e-01 9.025341909042114974e-01 8.724919043246502914e-01 8.438913718022899024e-01 8.169594613756598900e-01 7.775804035872734277e-01 7.640977347569212208e-01 7.552369247991761458e-01 7.402135263877186455e-01 7.459970063808971652e-01 7.552689765340384609e-01 7.554934895524600957e-01
9.566390538564542023e-01 9.579316094785556013e-01 9.621468903215325552e-01 9.661148678556593650e-01 9.691657319150499550e-01 9.655072128565722611e-01 9.551259981468230853e-01 8.977522584508099701e-01 8.958557456089822901e-01 8.858773069273517820e-01 8.685833496621893079e-01 8.429631068595994092e-01 8.156251757097424671e-01 7.865536008617949326e-01 7.624130601567329357e-01 7.533957716915461456e-01 7.490943603597973732e-01 7.476515893832769155e-01 7.714379995219831088e-01 7.632934377675207882e-01
9.576064619942270539e-01 9.592165360269790941e-01 9.622743861357347939e-01 9.661407784509108421e-01 9.694551521202736666e-01 9.599588227789287442e-01 9.542845142614232445e-01 8.966185738142525841e-01 9.248262940409257560e-01 9.011840790784594324e-01 8.705654518480837600e-01 8.442412501996507945e-01 8.165590460395338868e-01 7.881153466477285319e-01 7.233111368595303015e-01 7.602503681224762611e-01 7.513755855502274317e-01 7.514419736511093184e-01 7.712402774457409738e-01 7.560666768822206230e-01
9.587123803967093627e-01 9.591280468191809572e-01 9.601302414156288600e-01 9.661632052748979627e-01 9.640234771919703460e-01 9.543960579930875765e-01 9.059540912901934417e-01 9.405880601953814368e-01 8.800151070093570338e-01 8.848832122627959818e-01 8.688851252890562593e-01 8.352850260074951017e-01 8.151629867066023660e-01 7.797704919530636936e-01 7.641545091599892814e-01 7.564589608615482907e-01 7.461686914744311006e-01 7.623082123362296958e-01 7.755586418360612688e-01 7.559562976675121559e-01
9.573538220679339572e-01 9.597837216712704622e-01 9.614096792860052920e-01 9.655046206732356140e-01 9.688172664185126237e-01 9.663550403869770600e-01 9.518751958725634177e-01 8.935941505795761408e-01 9.189664064184659420e-01 8.748465031512209222e-01 9.050833942610505556e-01 8.409781522377478558e-01 8.149557645294812636e-01 7.364491204578854644e-01 7.647802010358277780e-01 7.576919874535832378e-01 7.501306225478829859e-01 7.608513327196981813e-01 7.775358970327387320e-01 7.655879516218124792e-01
9.583306213638503879e-01 9.568777822066725225e-01 9.609132235878189432e-01 9.660413088725575692e-01 9.685817215631012944e-01 9.691985076620411865e-01 9.610655105512395657e-01 8.924877967172006876e-01 8.801574658003109564e-01 8.838095368012480746e-01 8.661444013580797963e-01 8.396881649364353883e-01 8.149758882807998095e-01 7.805194199729361682e-01 7.652383790939034647e-01 7.585777383220769776e-01 7.554481779365871397e-01 7.657592969001828509e-01 7.788043175457678435e-01 7.651257704250451486e-01
