0.9999999994642804 [99.99734184550111, 0.11111612248983888, -0.0006436353309614156, 2.881174650851493e-06, -0.7853975336195406]
0.9999986063434123 [100.02930821592955, 0.11107700548603633, 0.008494079307356892, 0.00149380695218881, -0.7852167401477889]
0.9999959717232128 [99.88269882122458, 0.11168150111089478, -0.001054286046663121, -0.00067422474596708, -0.7797656596042264]
0.9999957618371315 [100.06652835733954, 0.11062981324841911, -0.012012868165133257, 0.0006642287440951442, -0.7911184903675303]
0.9999949628670839 [99.97133070092241, 0.11154021646664125, 0.02224750139952531, 0.0002403277771723347, -0.7795249083688549]
0.999984346152035 [100.3208627311157, 0.10984112399787246, 0.024734881587871523, 0.0012555272757548857, -0.7964953849932386]
0.9999841474789531 [99.59661513957553, 0.1125447022695513, -0.04508665674911454, -0.001346507009205751, -0.7744663946012073]
0.9999835929001537 [100.18671194325518, 0.11006119054197992, -0.010237544272843119, 0.0013088669762288218, -0.7967401587086893]
0.9999722240074552 [100.03355316999824, 0.11097152236778163, 0.0034282959932135488, -0.0067940511071850705, -0.7862351816410822]
0.9998560028805378 [99.14183926473706, 0.11485593349393952, -0.045268493079234924, -0.004217457788841652, -0.7519716683264264]
