0.7264249490559922 [103.67457815909825, 0.09561084208278993, -0.015514085477557723, 0.9855885680924935, -0.10586435795681126]
0.6935057649746131 [104.9043884705765, 0.10759748687273829, 0.9866562244486188, 1.001500020445415, -0.1654831218237048]
0.6727559106070655 [104.07120131679733, 0.10700198235236241, 0.41787222060208984, 1.0015000394514657, -0.16576795472253208]
0.6715037728405974 [103.87116824046286, 0.10729868775679208, 0.3906160991513766, 1.0015014547904046, -0.15854765183204983]
0.6711420843051665 [103.92433784021625, 0.10726628881261968, 0.3766876543984631, 1.0015007964720626, -0.166638380232403]
0.6696873536381929 [103.77754205968844, 0.10746214191028941, 0.34046601112917796, 1.001500069352797, -0.16648600573127317]
0.6662175100368806 [103.71801222357037, 0.10727235278344123, 0.2601559800042599, 0.9982149545829127, -0.18239081197521884]
0.6660449264625818 [103.67837866734018, 0.10733775625068571, 0.24731996488139374, 0.9984996675522857, -0.18035930770520917]
0.6639709766764852 [104.25148690911253, 0.10621183435973623, 0.3829467837630819, 0.9923517761532316, -0.17979281904796984]
0.6077080369415346 [104.15471959664472, 0.10291821435807044, -0.24146305859132494, 0.975512453387867, -0.32187358948154177]
