0.9999992482930582 [99.87833235070157, 0.11134410836003678, 1.0294139989771933, -4.210198410088528e-05, -0.7933782159041785]
0.9999952683083867 [99.68133638370699, 0.11157161120715772, 1.0929494081714166, 0.0002259572322318454, -0.7979067507999772]
0.9999917146917218 [99.56216826921464, 0.11176231994733186, 0.8723574833026545, -0.0023233778208311172, -0.7979620037778582]
0.9999845207126906 [99.27532074591579, 0.11257557642075701, 1.1831795630098787, -0.0024396948221286734, -0.7924797706556803]
0.999979322476507 [99.1510381865277, 0.11242963126090519, 0.7535638115304251, -0.0005462676204843555, -0.7980175805793501]
0.9999680072525781 [99.97964326855691, 0.11114408956635019, 0.9984965343324474, 0.006991303196564916, -0.797776882471113]
0.9999663210681433 [99.89829763832401, 0.11160049812424583, 1.001518417757517, -0.007491657205749135, -0.7910295654662596]
0.9999505467355966 [99.88649525978704, 0.11164352943547133, 0.9984952631445567, 0.008779069983965304, -0.7920064424269684]
0.9999059727289462 [100.07101843014372, 0.11066400861213943, 1.001500915071139, 0.011666676603648462, -0.8035559715165128]
0.9998957834306398 [98.88447677518005, 0.11457097783538817, 1.1948666556145444, 1.647402227818275e-07, -0.7621474419019358]
