0.7157176089179087 [90.5144276134601, 0.11407268649267202, 0.03142518597315721, 0.9984994637901807, -0.5776953422458212]
0.6779045951310814 [104.19133535507994, 0.10620970408233474, 0.08176760991793933, 1.001500299564443, -0.1848421197935366]
0.6771008678216291 [103.9902107937023, 0.10639995711277961, -0.0011558522047014376, 0.9984996118308446, -0.18818905327629348]
0.6763404784342414 [103.98843513385634, 0.10630436440982809, -0.022434204261224396, 0.9984997254236975, -0.19047910682319652]
0.6761090313947314 [104.1423910084342, 0.10611752515599109, 0.03177411613462357, 1.0015004372898526, -0.1896128659932832]
0.6750968505650187 [104.03605967730056, 0.10626172740440137, 0.003821011884031622, 1.0015003203022887, -0.18847480257009308]
0.6716669136928696 [130.25766709567927, 0.05555553875418464, -0.003511596345559687, 0.6915497875761469, -0.9665483091773892]
0.6643507409042013 [105.77980625714714, 0.10128019189696925, 0.02142203875342525, 1.0015002130274908, -0.27872885751194953]
0.6568559500949234 [125.58465919741641, 0.05555544392951045, 0.009418978411109145, 0.6379945752978133, -0.7742365462442784]
0.625666554600688 [105.70914208413265, 0.1012734868093873, -0.039744039954688254, 0.9984998573522825, -0.42513578624889914]
