0.7557923636516789 [101.79189240470065, 0.10393351781618065, 0.8376754110046991, 1.0015167380092884, -0.06089672413177327]
0.7498433225194979 [101.83392243599938, 0.10243422202649768, 1.34988519974209, 0.9984999336368459, -0.0874640815105546]
0.665498618217115 [103.52353448133141, 0.10809374874383729, 1.0015117790458006, 1.001597460770551, -0.14861106245703298]
0.6636530271242326 [103.74161463077662, 0.1075185487635334, 1.0404351908127774, 1.001500123240515, -0.17257440912589067]
0.662123414043766 [103.44997393722606, 0.10827475147366158, 1.0816854824197453, 0.9984999311861297, -0.1703682587603525]
0.6590211828112676 [103.19408761146775, 0.10863657474258041, 0.8391416213761922, 1.0015004087407318, -0.14721991652372568]
0.6549275801712533 [103.03982631266754, 0.10883900549679766, 1.2339479764121697, 1.0015000051251892, -0.1897547417420954]
0.6536724359774747 [103.16235956779663, 0.10801399918629681, 0.7104676905172821, 0.9984999196593638, -0.15920970457520262]
0.6530567996868245 [103.25845813321176, 0.10771422656237406, 0.6969301623024315, 0.9984997447830775, -0.16380311857268648]
0.6485140855604761 [102.88158930661422, 0.10891359751018306, 1.3580924061797615, 1.0015000103469913, -0.20927466091914376]
