0.9999912956750979 [100.17043182667771, 0.11074827220887834, 0.038969261881476064, 0.11030575344879641, -0.7854043315098919]
0.9999910375148496 [100.01910673498818, 0.11103063544669758, 0.0011689704603049546, 0.11049101580796121, -0.7852305163139105]
0.999990985113431 [100.01451643943697, 0.11103895094170135, -1.1904619443916208e-05, 0.1104944379295866, -0.7852138636574456]
0.9999909396236816 [100.00732006354079, 0.11105208806654998, -0.0018376548419642284, 0.1105165036768776, -0.7852163264553509]
0.9999905567662403 [99.95780178789019, 0.11114502725886646, -0.014162888768213543, 0.11058127342917982, -0.7851534380459657]
0.9999880869182736 [99.9306543320524, 0.1113657425378985, -0.002276151533594402, 0.11124192878624364, -0.7821044868080945]
0.9999878013357636 [99.9531797888973, 0.11132414148121489, 0.0034386488610189886, 0.11119367434872576, -0.7821533601896308]
0.9999876946866556 [99.96528765895911, 0.11130069980887322, 0.006373545430821658, 0.11118491187547391, -0.7821561965739634]
0.9999759964519283 [100.07503731323544, 0.11075619000748473, -0.0036229067246817247, 0.10979579134920958, -0.7883098223680864]
0.9999694133719493 [99.75930757251078, 0.11185998155826134, -0.02609637518269581, 0.11207599738279299, -0.7788986160102963]
