0.9999904873407255 [99.92285687009871, 0.1112042571742358, 0.9741383199796156, 0.11116246313246236, -0.7851843274170224]
0.9999904871916797 [99.92301148526127, 0.11120365645243699, 0.9741499684622769, 0.1111658971045067, -0.7851792460190039]
0.9999838608682192 [99.93055767421603, 0.11134962871129098, 0.9934353978317392, 0.11217339731256426, -0.781992802528666]
0.9999836248776173 [99.89625945844486, 0.11109069638727868, 0.9493992021532593, 0.11015227737481437, -0.7883866566690194]
0.9999836248515414 [99.89471723924707, 0.11109356049070729, 1.0510475272129498, 0.11015726693408262, -0.7883748812743789]
0.9999666271919349 [98.98169370824783, 0.11283621922357004, 0.7077637671683175, 0.11191446166872432, -0.7845919503402835]
0.9999631341442873 [99.88271374786211, 0.11095512963407203, 4.928404959114804, 0.10913916807495516, -0.7915923891212946]
0.9999298230828367 [98.48767266007431, 0.11360119428733666, 0.558890288970745, 0.11059586562561743, -0.7873156145957494]
0.999905793951557 [98.14329515022175, 0.11453764589935025, 0.4960137564370318, 0.11447364051510314, -0.780080904383559]
0.9998671847231673 [100.2084479672029, 0.11015552378012525, 0.9984925855441725, 0.10395267827240638, -0.7998107287847604]
