0.9880066283430619 [101.21363380393137, 0.10771044435642516, 0.9724826749684377, 0.2812117530072207, -0.8642976317633125]
0.9878623176833884 [99.08348464792788, 0.11156890934278182, 0.3976772791118456, 0.2864557811550915, -0.8591497092418974]
0.9877726135132592 [98.57562490142533, 0.11241870855967198, 0.24700551347469124, 0.28724666346875305, -0.8654880567475729]
0.9789971481058864 [98.88577593019342, 0.11751379910396327, 1.001506484222955, 0.40956263303943, -0.31124763181204845]
0.9789871358437521 [98.78134229933039, 0.11782087420178133, 1.0080333750146027, 0.4073681051509064, -0.3039965313668367]
0.9789745039695189 [99.04612745570606, 0.11679716722968897, 0.9984039720194722, 0.40803529032152336, -0.31131037375641746]
0.9788722807695461 [98.54530264046721, 0.1187221077551448, 0.9984576452947402, 0.4049980499137035, -0.28594107789021184]
0.9787164637633756 [98.20535120153421, 0.11873477561812021, 1.1883300243354817, 0.41056969103450836, -0.3065972817234429]
0.978700917386092 [98.0676266619389, 0.1191795482785834, 0.7954245216405983, 0.41017680484308505, -0.3035189930335843]
0.9782176166716653 [96.6236347368879, 0.12237473572013072, 0.4545641592685614, 0.41348247372630836, -0.29175540484569734]
