0.7493563043830291 [101.3399817599427, 0.10416845515826251, 1.0759018945284589, 1.0015000449429783, -0.07319272857492237]
0.7472469984445455 [101.09271253211097, 0.10437411995794307, 1.165521551109082, 1.0015001638990761, -0.07389978904058828]
0.7470170349864418 [100.89596569389903, 0.10503284469421456, 1.1764245847657064, 0.9984990099082807, -0.0703044796429716]
0.7403251781890006 [97.08051118088491, 0.11361487129252439, 1.0817793417585775, 0.9822450517823429, 0.13446206074936956]
0.7386239268141487 [100.72153393246504, 0.1034399848035725, 1.481481747975429, 0.9984998921309419, -0.08923960331695333]
0.7324187963859493 [100.05298026459946, 0.10430736397178364, 0.3262103252663179, 1.001500011460879, -0.09536132729436318]
0.7248255974845553 [100.47347615109982, 0.10238329925495288, 0.23949390457491748, 1.0048780659451668, -0.11190094033694306]
0.6930215935201046 [102.6060755414283, 0.0965002990970937, 0.33707288201462554, 0.9984999991729961, -0.2462965235886757]
0.6315119594673423 [118.97559252816075, 0.08055492746963909, 0.3353653751748692, 1.0012151235267344, -1.105743833575291]
0.5725590267663493 [97.7809392422298, 0.12652972084993525, 0.5748691590506039, 1.0015001793473721, -0.4028852165407901]
