0.8810178582745142 [90.87018092220586, 0.18569276628017878, 0.6452328301574235, 0.9573719235772499, -0.24863727212704123]
0.8805368801021843 [90.32745837903062, 0.18760629328209752, 0.5251199196908085, 0.9597089922126698, -0.258054497792037]
0.8801444557278868 [89.87038232289237, 0.1891906868118088, 0.425204991904064, 0.9620926904990239, -0.26055431955099234]
0.879815590327376 [89.42678996493186, 0.19050254315250956, 0.32759714903362036, 0.9671268326378786, -0.2672292607690855]
0.879809999898831 [89.52894712007688, 0.18965652021678775, 0.3284510734828093, 0.96341095367165, -0.26916524164650485]
0.8798085217965864 [89.68843955124952, 0.1886117305665383, 0.3416632512206388, 0.9592857696754388, -0.2736753828859703]
0.879679809926983 [89.29862717459355, 0.1906794600263651, 0.2885723860000751, 1.0323230428777386, -0.2694093414619007]
0.879570850300592 [89.16924032950877, 0.19098753478253588, 0.2559944647539337, 0.967090263133136, -0.2720582511585986]
0.8793834817111361 [89.14616235324861, 0.19018529853534677, 0.20800084018830703, 0.9659908812458635, -0.2763192904155748]
0.8791276063295127 [88.4712164192286, 0.1936131323720665, 0.12034191608726957, 0.9719049722526647, -0.2771350546274298]
