0.9999883680948993 [99.63907819960949, 0.11170655600267768, 0.646916864866419, 0.11116316095236074, -0.7849591831468521]
0.9999843520968847 [99.88057111739909, 0.11144077608791114, 0.7305846636332951, 0.1119828835605586, -0.7819710266451019]
0.9999840108912983 [99.74717207887659, 0.11167476510326195, 0.693655221736323, 0.11208194191029885, -0.7818577601373703]
0.9999826331999556 [100.15411431260361, 0.11096398397499971, 0.8065947549765076, 0.11187321121052347, -0.7821013252383022]
0.9999810506296068 [99.97510661960568, 0.11095343484421674, 0.7220434647704294, 0.11006749640590623, -0.7884140312657004]
0.9999808780367396 [100.07405624314586, 0.11078372932862088, 0.749615999984269, 0.11000557542100539, -0.7884055255830623]
0.9999625863251068 [98.84987653011328, 0.11329998001594274, 0.4506114709292437, 0.11353661269068592, -0.7809649373374712]
0.999958625556807 [100.87016210109, 0.10945301416734289, 1.0222805547369824, 0.10923418594756185, -0.7889353609682939]
0.9999445612179474 [98.46357950171554, 0.11406085336587088, 1.6467553152854308, 0.11264144298737092, -0.7805043999078893]
0.9999260971900747 [98.39176319179813, 0.11435834027482496, 0.35219483497394694, 0.11333184882656587, -0.7775838925737188]
