0.8175759150916035 [100.06760589468598, 0.12220205974443407, 0.024798104466634538, 0.9984978376088147, -0.2282861165582778]
0.8174128743565281 [99.96698644565627, 0.12257397280899951, 0.019233403419803792, 0.9984991397022709, -0.22901640754290722]
0.8172976807558496 [99.97805769318606, 0.12231512671636624, 0.013104439957245254, 1.0015008355335322, -0.22589375523198668]
0.816898511706461 [100.21645841198712, 0.1212873995504802, 0.002477302202283962, 1.001501085652461, -0.22776243036423316]
0.8168389206822896 [100.0132296402074, 0.12223060660601122, -0.0032377310798707387, 0.9984942457514208, -0.2296504365640269]
0.8167369788911026 [100.01889538237327, 0.12218248072748017, -0.0070548588582097956, 1.0015000484525773, -0.23022980606013588]
0.816714228207851 [99.93275453711334, 0.12240032285242192, -0.00890499475575732, 1.0015001600980669, -0.22743130154924607]
0.8166418833039089 [100.10660094141559, 0.12175804403294371, -0.010807491483402477, 1.0015001655916687, -0.22968397305132446]
0.8165767912240444 [99.92675518146164, 0.12236264231778696, -0.013787888730414553, 0.9984994335757981, -0.22694721753003672]
0.8163362617057989 [99.9616861924141, 0.12223602416878929, -0.021852771834213296, 0.9984992491009645, -0.23117298927352875]
