0.999999697573905 [100.10458991750592, 0.11095988212547425, 0.7842504273129938, -0.00018352069327522738, -0.7933285819233027]
0.9999994519575082 [100.06635319651278, 0.11103676769108864, 1.2255490361825176, -0.0008288375643915332, -0.7931909855574528]
0.9999984213103311 [100.1981443610451, 0.11083882857677152, 0.8134258903413132, 0.0013005982174097625, -0.7931722251970673]
0.9999940153187552 [100.22643228500363, 0.11114013807455568, 0.848891944123622, -0.0014393635918928203, -0.7873545671508975]
0.9999937252374178 [100.54211619559462, 0.11030840712431868, 0.9142754613452094, 0.0011342461776085615, -0.7928760894352388]
0.9999730528136035 [99.935115883862, 0.11127610809082443, 0.7391702859017422, 0.006562247242678379, -0.7933894354693837]
0.9999568593341219 [100.62975475852713, 0.11083933759687288, 0.9926747054232616, -0.004990768420811505, -0.781115799075558]
0.9998917612118821 [100.81726229168493, 0.10990536317280976, 0.9984972692874627, 0.013113042105985543, -0.794108189080086]
0.9998584432293925 [97.4966833549355, 0.11582167422499842, 0.10703084280640254, 0.0011875699991089413, -0.7902884620888078]
0.9998187490687787 [97.94944512786061, 0.11386649681219949, 0.13929530863877237, 0.00651022445902797, -0.8082729514205574]
