0.9999999972662612 [99.99856672409402, 0.11111452293540137, 0.2497134826436122, -9.37709092209879e-07, -0.7854037090226539]
0.9999988186617726 [100.16536253697862, 0.1106897448726677, 0.2833406907935653, -0.0003050935506892235, -0.789894755571215]
0.9999975807948681 [99.76791064811184, 0.11171242825850472, 0.20616062297955778, -0.0013641946064676005, -0.7847145642561012]
0.9999974677737082 [99.78052300130142, 0.11168987876527231, 0.20939512389745998, -0.0015154393587272952, -0.7847035707111636]
0.9999941206406261 [100.50578227905274, 0.11014455943654612, 0.37608751293581816, 0.0013600758864602805, -0.7894497634703379]
0.9999905694611765 [100.44154425030285, 0.10988332064820638, 0.32953737498888364, 0.0011812126233598777, -0.7953264540593081]
0.9999903790802512 [99.79444912535925, 0.11204273061723068, 0.24221086792869082, -0.0008735982769632522, -0.7788033962761187]
0.9999903180971913 [99.82284173422815, 0.11199343894888189, 0.2496367399134904, -0.0009516667446525253, -0.7787806617464392]
0.9999895084243278 [100.48168394816972, 0.1098043100505765, 0.3392642414667758, -0.0002329194654558473, -0.7952656226248309]
0.9999509666268068 [100.08821205597052, 0.11186305763683563, 0.3446464804093261, -0.00705798498137305, -0.7727812388198503]
