0.9736373603729213 [97.51935202868584, 0.11978322077669655, 0.017411196144405137, 0.45089659163845597, -0.19142795559595704]
0.9736345354992307 [97.60978132531818, 0.11958325719242711, 0.03806006076630927, 0.45064265613974425, -0.19150246059585405]
0.9736312485477847 [97.71088322150479, 0.11935052485407638, 0.06056521160551252, 0.4500698927922653, -0.19138857596697273]
0.9735839830082865 [97.32119821665074, 0.12023354056653499, -0.026568852664737876, 0.45136407548448565, -0.19142847172254424]
0.973583675969926 [97.3388888933558, 0.12018989211029033, -0.023090907664172534, 0.45121312582710077, -0.19139143471726605]
0.9735834093298846 [97.35051301376456, 0.12016310756989887, -0.020402246072518775, 0.4511480133127659, -0.19137147591215908]
0.9735833890429786 [97.35189637610749, 0.12016096874291178, -0.020138907847373724, 0.45118833020674365, -0.1913504807233209]
0.9735828672113851 [97.3751745342453, 0.12009942014887061, -0.015509418075065028, 0.4510829349668922, -0.1914591680336912]
0.9735826120053185 [97.38735984929633, 0.120074546885631, -0.012561862920560635, 0.45100427356852774, -0.19132809619629876]
0.9735819783473119 [97.41290601030545, 0.12001972890503926, -0.006722031695324993, 0.4509290149195938, -0.1913682910433529]
