0.9999901902219904 [100.0442031111703, 0.11099162037095942, 0.5082289334064495, 0.11073823380932901, -0.7852023308130498]
0.9999856018413713 [99.79255337463553, 0.11160669141478452, 0.4588508829316372, 0.11181617707399456, -0.7819343033960195]
0.9999856010910658 [99.79114543860096, 0.11160768504947866, 0.45830634258418623, 0.11181636964232396, -0.7819065401631711]
0.9999854350317543 [99.70047703574562, 0.11177457206866764, 0.43446984518357057, 0.11189739563937219, -0.7818265571967129]
0.9999827568357407 [100.17283911827069, 0.11092268047756443, 0.5604103030410046, 0.11152133606929684, -0.7822469179890605]
0.9999810080799225 [99.33432514380678, 0.11228789382422491, 0.32119097331676916, 0.11138559232048992, -0.7845725065419812]
0.9999792332395432 [100.1584517316006, 0.11062582986841354, 0.5210616721200358, 0.1098457464523761, -0.7883727894973657]
0.9999779602056825 [99.93113794631418, 0.11103025797066235, 0.4598802774763451, 0.11015798361512368, -0.7881351982596586]
0.9998398365584911 [100.76240697487961, 0.11037864630850003, 0.7754925838066354, 0.11350862591460577, -0.7734288148066127]
0.9998088341773846 [99.25267210481688, 0.11324992645137658, 0.38701680955844264, 0.11572564740904509, -0.7692932110016213]
