0.9885625834116296 [100.36694888899441, 0.1090235431353204, 0.962865149393759, 0.2820329519017525, -0.8749209056726719]
0.9885508182373737 [100.02461662310203, 0.10968243699256439, 1.1248283476078453, 0.2834638239466241, -0.8714255384761171]
0.988543285131047 [100.40939107431939, 0.10914869691713808, 1.0040870202209335, 0.28378539108283496, -0.8655732464390044]
0.9884204203261677 [99.07633911464586, 0.11126082734525009, 0.5953021861149672, 0.2844071583283483, -0.8778285902221529]
0.9880668768489408 [98.10691741007818, 0.11279683758560134, 0.29879817862762703, 0.28382532777224334, -0.8898546537708942]
0.9783212030405996 [98.12224236048269, 0.1186809348184776, 0.9934617829169539, 0.4145201798383613, -0.3166213661938144]
0.9783171763049511 [98.08182374808455, 0.11880683675246718, 0.9925883763306687, 0.41368217931476114, -0.3134203068055741]
0.9782816102862782 [97.99217426023614, 0.11916503473947682, 0.9984441928902893, 0.4114220509598587, -0.3029245684672635]
0.9782468608822281 [98.01522161223637, 0.11878936272334842, 1.0505171021056756, 0.4155802212880786, -0.31975019391584225]
0.9782174556104035 [97.95007945525734, 0.11891559649557802, 1.0686063591602895, 0.4158412732936565, -0.31959310837398625]
