0.9718248160801387 [96.36171596981177, 0.1224405643965053, 2.177223051867619e-05, 0.4536461584484517, -0.17873107077123412]
0.9717824640694824 [95.89870375963655, 0.12345584794095775, -0.11387256903560472, 0.45540706899693506, -0.1814843790270218]
0.9717751840816995 [97.37254616801343, 0.12012314970545249, 0.23114390161080814, 0.44882117973650953, -0.17858951957634417]
0.9717650508562278 [97.5403901422886, 0.11968154974408232, 0.26016474425886016, 0.44796494689962146, -0.18167917711679618]
0.971764105400544 [97.51570504327398, 0.11980752406378443, 0.26492281613370383, 0.44821561131060156, -0.17861613942165425]
0.9717457879742611 [97.73200796013562, 0.1193253447024672, 0.31535540097074366, 0.44720247026218274, -0.1785237119256341]
0.9717386302810203 [97.83411596460701, 0.11902499671393882, 0.3279949465619342, 0.4468301265392209, -0.1814614978276683]
0.9717382460363827 [97.80945309055855, 0.11916560591603015, 0.33456092806982046, 0.4468871536952611, -0.1784848289424117]
0.9717352172825714 [97.87341387237811, 0.11892342037203127, 0.33576007606804703, 0.44672831095099996, -0.18145906487213131]
0.9717297379106788 [97.89366437423342, 0.11898824719114412, 0.3551835319856414, 0.44649542672925957, -0.1785155637417774]
