0.9864420169184936 [100.34940575311302, 0.10928758137570949, 0.0018396091119178052, 0.28027088996246385, -0.8416003965753971]
0.9797250529423375 [97.22617645644712, 0.12206292503947686, 0.01590608349302005, 0.40276959160313464, -0.2918932072758571]
0.9797240960611849 [97.22557179109866, 0.12205546376323216, 0.014816020406521071, 0.4029449153310694, -0.2918712018431181]
0.9797120418704864 [97.08662210063008, 0.12254966556953331, 0.0067303621237833, 0.40310472213276044, -0.28565141049115583]
0.9796303331922569 [96.97830018133962, 0.12271844693707468, -0.02954218448693749, 0.4041155077844492, -0.2885041176659017]
0.9796298083205534 [96.9775595075874, 0.12271497737262044, -0.030172195229648424, 0.40413771264225984, -0.28843569151467474]
0.9796273730659635 [96.96403400860011, 0.12274727134685318, -0.033086392101698336, 0.40415458756723177, -0.28845648962096454]
0.9796175460317647 [96.9685814019312, 0.12264634028397028, -0.043311310755543835, 0.4044540264808476, -0.2919179734371277]
0.9796108128580412 [96.93525692587565, 0.12271939195679624, -0.0514024101656278, 0.40425405187487695, -0.2914625671627711]
0.9795884567671137 [96.75506610728189, 0.12323466407592146, -0.08040020678651033, 0.40529213015836973, -0.28820577264478714]
