0.8172972822135693 [99.49293948464258, 0.12486017085319774, 0.3358453302935459, 1.0015001098942387, -0.21371638359782302]
0.8171131507226108 [99.86810002586058, 0.1232504524926419, 0.3300500146356662, 1.001500499871665, -0.21295582654102857]
0.8168006240643925 [99.67093401724891, 0.12400308321254941, 0.31765914948399326, 1.0015000598592405, -0.21046449855434043]
0.8167848558437081 [99.83214049345236, 0.12354518205686765, 0.31732700137695624, 1.0015000482090184, -0.21811797449935622]
0.8151590874548942 [99.62857349653858, 0.1236026327975582, 0.2562904863408372, 1.0015019967086585, -0.2225879425279561]
0.8150633212126819 [98.76171821329578, 0.12799400409134004, 0.30412649687192644, 1.0015005457202448, -0.2263791965272534]
0.8143891368907091 [99.78535136534677, 0.12264661028411443, 0.2347555303433788, 1.0015006532113722, -0.2193548993069763]
0.8141445363575605 [99.4648987915358, 0.12391065383260697, 0.22066802430159904, 1.0015013463512137, -0.22279720412918586]
0.8106076763287194 [99.30272284976263, 0.12349326516812377, 0.10311128920949943, 1.0015011372284541, -0.23499771072164943]
0.7805510703470491 [97.52003715059838, 0.13329150522095085, 0.25826870205441993, 1.001594111726052, -0.38640412479115605]
