0.9999977826356184 [100.17024789117349, 0.11092804875754496, 0.5566614999000847, -0.0015854887915617826, -0.7888431410250636]
0.9999955637026369 [100.1602502162224, 0.11114083418722513, 0.5668190615723012, 5.044229105556883e-09, -0.7797441926863922]
0.9999578475904057 [99.983032963785, 0.11117042197111032, 0.5000261310396745, -0.008503598296769348, -0.7892466949239401]
0.9999555238343835 [101.25200292995098, 0.10855653577710067, 0.8109476330033702, 0.004550672225878891, -0.7996394692166364]
0.9999109081878259 [100.98578866918078, 0.11069794926057702, 1.1279726478263248, -0.004789933949372344, -0.7710359761781466]
0.9998944464197205 [100.06923670937518, 0.1115661744268186, 0.5633599344509927, 0.012555385210622074, -0.7822628799584688]
0.9998834137142537 [101.79951454699318, 0.1076760196642651, 1.0162910693689002, -0.005188202884623919, -0.8027808393412275]
0.9997455349806148 [99.69327989712312, 0.11265978811196244, 0.4966384869040025, -0.02060163789722782, -0.7717306463541507]
0.9995890292865466 [96.41965608450501, 0.11816117697254183, -0.37147670858902426, 0.014255603137187054, -0.7871119999057431]
0.9994961454345342 [101.84874911881701, 0.1079500850432827, 0.9984956650770935, 0.02747702084957284, -0.7943498954560073]
