0.9672637498211193 [94.29123392656572, 0.12730854287636764, 1.999396216457779, 0.4536880137454661, -0.15302659855255568]
0.9672527249758291 [94.06907879601667, 0.12823138051911143, 5.844605780646838e-05, 0.4544292092699245, -0.14144832145269437]
0.9672228615074362 [93.98889551426583, 0.12859885350241426, 4.932977260763948e-05, 0.4549658640584234, -0.13906784526435245]
0.9668684689880499 [97.08766100114372, 0.12108889025391897, 0.7049791447089974, 0.4396147825310066, -0.14044499972849023]
0.9667531338528742 [97.58004749596762, 0.12004608995777499, 1.1696500099970892, 0.43739249276586945, -0.13977944612440857]
0.9666863148253054 [97.76448623536982, 0.11977783111958144, 1.1072057660769858, 0.4365976762022299, -0.13679167812421245]
0.9666811005059803 [97.85358348806467, 0.11948003038272717, 1.0989456245208475, 0.4362291282352205, -0.1394574956454654]
0.9666218866270317 [97.99575701201316, 0.11930885272755411, 1.046083288068823, 0.43552431794682567, -0.136649611650272]
0.96660138122803 [98.12118250577188, 0.11896802397277649, 1.0253412365441963, 0.43500813438383784, -0.13952552428392062]
0.9665986371263708 [98.1486606934131, 0.1188399902295015, 0.9716386170755054, 0.43504002008722464, -0.143382365098371]
