0.9371212266529703 [99.85537937851453, 0.1112439554006888, 1.074078570960659, 0.47783279980684323, -0.19820831451085213]
0.9103285809319825 [86.75988570894208, 0.19500039130414448, -0.06612817602193458, 0.8361602393622034, -0.2790713615321213]
0.9092225446410547 [89.79239446878216, 0.184524854383957, 0.5686066969491269, 0.8063057995218919, -0.25493207185666256]
0.9092202647754583 [89.85644674944405, 0.18404386983963847, 0.5653307913421213, 0.8050052070866335, -0.25708843103600054]
0.9092189810012634 [89.79570475078904, 0.18422325674689566, 0.5524712108883474, 0.8056235903085844, -0.2574038110966685]
0.9092155995448402 [89.55657510659191, 0.18517619619558562, 0.5093089165603168, 0.808168788517162, -0.2578587099460264]
0.909187093270855 [87.79676741156919, 0.19116985005310722, -2.1358668283238176, 0.8244024993153349, -0.27296430391974025]
0.9091754417481585 [88.11002604300849, 0.19010175912073185, 0.20423328208378924, 0.8217224132272225, -0.2695734520290173]
0.9091492662704398 [88.82908994527668, 0.18715189362465395, 0.3286585136892976, 0.8139924543358872, -0.26730613889241195]
0.8791678267244364 [101.28740381659136, 0.103463014569039, 1.2176407100123798, 0.2582997633291191, -0.6992758168087063]
