0.8155895605038299 [99.83036900485139, 0.12475760763312657, 0.9984997852758951, 1.001500311757607, -0.21532376098043893]
0.815119696875917 [99.6147737496445, 0.1254892507044017, 1.021863272660505, 1.0015001979249991, -0.2220477517522514]
0.8146279998132544 [99.56569394491913, 0.12562745934600622, 1.0393873781627385, 0.9984999541824242, -0.22734570318918657]
0.8145006184383042 [99.4831390801542, 0.12565831062760463, 0.9423697735874907, 1.0015000275073629, -0.20459180410183536]
0.8132434161897714 [99.5742465566826, 0.12488547163053629, 0.8889090320550868, 1.0015001858925676, -0.2024465022537785]
0.8115164223039826 [99.65466316357626, 0.12411198662138095, 1.1627977306328054, 1.0015001540142623, -0.2411613736626789]
0.8107662149762269 [99.61009129315627, 0.12387215519870282, 0.8075776914627282, 1.0015000117388309, -0.1935219533748479]
0.8082992541579208 [98.0961366985268, 0.13049735079584932, 0.7787466556909171, 1.0015001440795381, -0.24248011896471794]
0.8023764923488864 [96.73111652157452, 0.13957101160057586, 0.9525532657819891, 0.9984996092338465, -0.2492538605121921]
0.7891249072662534 [97.6239911200891, 0.1267493424972889, 0.1473412349614275, 0.998498017015248, -0.2942935051143095]
