0.9457717554289656 [99.75817687912256, 0.11106283971797298, 0.06903031795935027, 0.49471983021016247, -0.2437005692309147]
0.9457339117615651 [99.7321618655067, 0.11098637824883417, 0.042597674105314585, 0.4947562955296875, -0.24607010729648204]
0.9457141577554178 [99.56898194503928, 0.11144323240874093, 0.023763214025543752, 0.4956176140148372, -0.24401689151841263]
0.9456955039150837 [99.50545585127375, 0.11156682053720789, 0.008801622225852634, 0.49580292587431646, -0.24396109236276226]
0.9455104421374844 [99.44341288364069, 0.11168320339138854, -0.006915166119031115, 0.4950549529668229, -0.24359735119606146]
0.9455091511519221 [99.44557059658246, 0.11166698853773241, -0.007922630994059477, 0.4950322905575303, -0.24343696386453714]
0.9455073299310572 [99.44086185351085, 0.11167122042709801, -0.009473874676065204, 0.49517145084945147, -0.2436421476955627]
0.9455038197322321 [99.43482141169164, 0.11167263411106776, -0.011872354090794342, 0.4953200744043201, -0.24373391230734082]
0.9455018489638937 [99.41972258207049, 0.1117218288966293, -0.013587296215953455, 0.4953384874063085, -0.24371996331987486]
0.9057528822467856 [89.59354524077534, 0.1890047072090108, -0.002009835994576421, 0.8183348974972917, -0.2776820185087293]
