0.9992514005960291 [99.99831379225336, 0.11114028929111229, 0.019467001404758492, 0.21270130148211647, -0.7781346495912584]
0.999250229077052 [99.92806247879602, 0.11127605215480889, 0.0021515524242264397, 0.2128610141817983, -0.7780201299988853]
0.9992501458719943 [99.923545623961, 0.11128486819473647, 0.0010255672611315936, 0.21287220519370875, -0.7780115158155532]
0.9992486763450413 [100.05149316223662, 0.11093989258865146, 0.019591167521108083, 0.21165239804833322, -0.7809678281535408]
0.9992483940649245 [100.04094236112195, 0.11096083990170946, 0.016998697895551522, 0.2116891938510233, -0.7809427305535339]
0.9992470566939499 [99.89716358953007, 0.11133258285120703, -0.005931609392128332, 0.21292661722954492, -0.7778845443814875]
0.9992466317414673 [99.97953492644211, 0.11107866341660638, 0.0018036012121240394, 0.2118242091037284, -0.7808405856469296]
0.9992460787823514 [99.85371170423946, 0.11141634729975008, -0.01668842479206091, 0.21302778869720668, -0.7778093630839409]
0.9992454745874026 [99.82819600914203, 0.11146616739039028, -0.022893928827545006, 0.2130708742447977, -0.7777663925309766]
0.9992044686052369 [99.75316609792833, 0.11180814920130847, -0.01544646853580977, 0.2151107006810301, -0.7721503725139383]
