0.9867834544029702 [100.67060627509429, 0.10862630937234652, 0.32122531909334096, 0.2803464978017046, -0.8536971887641405]
0.9803066151916392 [100.1159255671768, 0.11609579070039674, 1.016364789337824, 0.39293177454649064, -0.28637621459715557]
0.9803050822923846 [102.5442876040629, 0.1070084773167405, 0.9984687410023965, 0.31586627887410623, -0.699697024763633]
0.9795255242924166 [97.70180651436206, 0.12080560010748087, 0.344139066059312, 0.40175612972552865, -0.2866078187710237]
0.979513675646987 [97.65677327572998, 0.12090461788522075, 0.3333992073678063, 0.4021758281773859, -0.28675484128633566]
0.9795017561076899 [97.63166197495428, 0.12093772191723651, 0.32422687091313956, 0.40199530625394053, -0.2858457143286532]
0.9794318497822281 [97.4115049310853, 0.12134046414483148, 0.26073178470004826, 0.40363399708561587, -0.289310097208644]
0.9794108539228669 [97.28992840431161, 0.12166963503657813, 0.24073106576353132, 0.4040699360288573, -0.28591937114611776]
0.979395174791641 [97.20757755097578, 0.12190084750315414, 0.2256832726055842, 0.4043430500428612, -0.2861812323355051]
0.9793918168617606 [97.19818394678607, 0.12190920205458099, 0.22250366658405415, 0.40437954711067703, -0.286141258651061]
