0.8825720811684168 [97.54973560419418, 0.13498537206100608, 0.009033407634550357, 1.0015066478316796, -0.2702776881359772]
0.8822532438709225 [97.76537510904697, 0.13437409976691253, 0.007947855145638755, 1.0017952593240667, -0.2795292275359459]
0.8819712121697013 [97.98155904003806, 0.1329131396126057, 0.0017917668657653706, 1.0018017674629536, -0.26222171285937274]
0.8816939696191732 [97.88939893425012, 0.13349489809646248, 0.018162500679537445, 1.001501685169932, -0.3024878422156071]
0.8804713241580867 [97.43163055049068, 0.13544345971563757, -0.00020723690256675963, 0.9984956117812038, -0.27135840627508134]
0.8804547744290194 [97.43755570797843, 0.13552643153362698, -0.003695924944996735, 0.9984956646473928, -0.27159848635394146]
0.8803659287233361 [97.47105850094768, 0.13529129433685216, -0.008502923382808796, 1.0015008674951793, -0.2711659851904449]
0.8799124566031652 [97.26285930923284, 0.13581035324508683, -0.027129607216359826, 1.0015021745253194, -0.2705349419440662]
0.8798340179036963 [97.4300737745208, 0.1351792681477875, -0.03848046916930323, 0.9984981470941735, -0.2747810072048997]
0.878349883064105 [98.61632612306478, 0.12938930971920887, -0.022489048164038336, 0.9984983717578155, -0.2942664363648614]
