0.8831961252811772 [91.79180779366143, 0.18174574642415137, 1.0034963562561336, 1.0497373491733888, -0.2536545400579336]
0.8818902798093579 [93.33071570366211, 0.1714303573281719, 0.9984786934361055, 0.9164929474708664, -0.2840019770366859]
0.8807723331516757 [89.99838746665426, 0.18601140573667513, 0.5114656597405848, 0.9564447351664546, -0.27372734838013757]
0.8799047431944118 [88.71831567838802, 0.19181874805216217, 0.2939462404157388, 0.9669622471605959, -0.2841872196172477]
0.8797328897897879 [88.16504454244011, 0.19561113097228666, 0.2638094524873744, 1.021926727124562, -0.2782199406595787]
0.8793036613000529 [88.41292970604471, 0.191210683606941, 0.16396430963655584, 0.9671325981719154, -0.2886217502240488]
0.8778124939656653 [85.24506080760077, 0.20258700820142175, -0.4883340483375227, 0.9962169326471426, -0.33219573367444855]
0.8771135425344123 [94.03822150239571, 0.16123114513928397, 5.27037268497464, 0.9009772966360483, -0.33395540530626]
0.8723043213536558 [91.53498695329372, 0.16565777583334781, 0.4269922694562155, 1.0015206671171792, -0.2370943658546963]
0.6968526498230159 [102.34675127232723, 0.07120999779791377, 0.5123548475241718, 0.7963467733431248, -0.6600851021368302]
