0.8885490157619201 [96.36849305176551, 0.14105436078999647, 1.0015604887242637, 0.9984869663849101, -0.26178929992376365]
0.8885456081128726 [96.56286316035431, 0.1401991639952196, 1.00153843084538, 0.9982918502729945, -0.2598819469486481]
0.8878334488724747 [96.17195986367645, 0.1417367350567953, 1.0360149095089164, 0.9984911484700778, -0.269357036418904]
0.8872088444793681 [96.31659244497104, 0.13994363519971428, 1.0967229135305767, 1.0015061245768382, -0.26407142098159797]
0.8863164833198325 [96.08572917060079, 0.14085082907989732, 1.1535227335263918, 1.0015028879170655, -0.2719642026078213]
0.8860059676141296 [96.68049704899133, 0.13732835455545103, 1.163813617869645, 1.0015038054947167, -0.2702696975024403]
0.8845384541518956 [96.28145207461431, 0.13781070901322806, 0.734961288714899, 1.0015048938985722, -0.258603708060442]
0.8843409130422211 [94.89168948297714, 0.15133579552608661, 0.9958471078374724, 1.0015177129427744, -0.26622109587961196]
0.8833621304365178 [96.16060722973997, 0.13801170776851107, 1.3402227216357145, 0.998495833461075, -0.2815024281852202]
0.8830148959012599 [96.56195017917955, 0.13608180983731227, 1.2777872570923332, 0.9984968427954015, -0.2355678292746572]
