0.8841904438859319 [100.44705754485787, 0.10717069421934422, -0.026619600408505015, 0.4999026260169241, -0.30088110881007557]
0.883551568994746 [100.69319927414764, 0.10660754871426711, 0.01993665257946723, 0.4974918742347969, -0.3036420876225766]
0.8835312639838709 [100.84324221466204, 0.10618559379057421, 0.033323642284543695, 0.4967218113379004, -0.3055111007433121]
0.8806056675030768 [88.43086488586954, 0.2010076354157576, -0.000503669751260711, 0.981126214864769, -0.2617764543958717]
0.8805851614830118 [88.3661995098913, 0.20133786406789672, -0.00936233335600169, 0.9819258612947417, -0.2612221050241621]
0.8805777628834454 [88.31984433757535, 0.20166126501972237, -0.012480849142615822, 0.9823065186903883, -0.2618361420095876]
0.8804786026439005 [88.17077588795637, 0.2016970694612856, -0.060741625519885746, 0.9833068975957403, -0.2645560495121463]
0.8800593866220958 [88.55481733415314, 0.20095626779373738, 0.04147772873596667, 0.9806026160568788, -0.25952661086188367]
0.879966771262019 [88.4640437522427, 0.20090864218000554, 0.0032855269949105823, 0.9823344758710268, -0.26169316409315274]
0.8799622924445604 [88.45212641367289, 0.2009451761164803, 0.001488571512984354, 0.9824430727985594, -0.2620208177502523]
