0.9992145558646115 [99.90158315727639, 0.11113587559531783, 0.9635827777645876, 0.2148088852087823, -0.7838740615821511]
0.9992145502020687 [99.89630375695711, 0.11114472760546913, 0.961926430728818, 0.2148294913978525, -0.7838076976735172]
0.9992145489272842 [99.8944148317038, 0.11114684095509561, 0.9613075025130811, 0.2148485929596819, -0.7838221308480342]
0.9992077631392683 [99.79769506641708, 0.11122746919761445, 0.9225476339502481, 0.21396030970728372, -0.7869522572870933]
0.9992077617171187 [99.79645341794743, 0.1112309719874646, 0.9223143980365197, 0.21395094509902474, -0.7869530134838181]
0.999207760241391 [99.80017227910545, 0.11122207082386878, 1.076931715210812, 0.21396676036841766, -0.7869201895734295]
0.999207019296023 [99.48760327672775, 0.11187954928057334, 0.8481764914545994, 0.2154527207790256, -0.7838046059831344]
0.9991948797200622 [99.24739161600266, 0.1122284863733487, 0.7709570353744675, 0.2148172558368496, -0.7868664647583361]
0.9991911907306912 [99.15446898106954, 0.11247868826188272, 0.7556128173363045, 0.21611563846494672, -0.7835706196493581]
0.9988436214851693 [97.89440085257488, 0.11533666844440177, 0.4731132200500092, 0.22487203955057755, -0.7662088097740034]
