0.879546149375741 [87.87049464838194, 0.20074135218983136, -0.0015330190781371635, 0.9826880957984929, -0.27188274620856423]
0.8794583113461795 [89.1175518903508, 0.19565701327896862, 0.21739824975711036, 0.9711843312032167, -0.26311833710630705]
0.879420604637753 [87.90527041983616, 0.1988033192040451, -0.05702295124060162, 0.9821572350364193, -0.2748390274568138]
0.8793940612322823 [89.00371521938334, 0.19603669008231556, 0.19736284268303683, 0.9721653630033578, -0.2657262788309249]
0.8793849898794319 [89.01012514949677, 0.19570254412343954, 0.1947345354485056, 0.9734327518443022, -0.2614512494212229]
0.8792748692164802 [88.77807933077123, 0.19687335387841026, 0.15611772752706998, 0.9749508144433415, -0.2645037468678926]
0.8791795077390822 [88.67174448312957, 0.19712356693008118, 0.12585748320120993, 0.9752593670951335, -0.2666395153816676]
0.8791772302750637 [88.67962653227616, 0.19700986513521024, 0.12517634847525164, 0.9750685108069815, -0.2666411101767515]
0.8791223309422047 [88.66188477399848, 0.1966017670444291, 0.10825853724462786, 0.9751809415382293, -0.26669554120047956]
0.8790461381155036 [88.52526336098609, 0.19704752381272456, 0.08247585429815099, 0.9770540309699305, -0.2682077173345856]
