0.8196253263176704 [100.76234846553916, 0.12150667770866505, 0.8475735784211145, 1.001500779845605, -0.21819268858274132]
0.8152201483679716 [99.30235850355746, 0.12564236101054477, 0.6305353510443927, 0.9984997017799209, -0.22155635271621982]
0.8135359628793438 [100.0619942849697, 0.12189366519753289, 0.5690090861830931, 1.0015017366176535, -0.21457723031226533]
0.8120985541060034 [98.52311911255441, 0.12866817204162884, 0.5395388905903515, 0.9984999032303403, -0.2208583712902359]
0.811064682522718 [98.94728259652041, 0.12558923167425612, 0.4562866908036383, 1.0015004340261002, -0.21547918446763495]
0.8100023593981037 [99.20016756908322, 0.12423193547501107, 0.4088301824190247, 1.0015002334473464, -0.2237295020726487]
0.8011652443288076 [98.54311929930049, 0.12900148409496232, 0.513879107205606, 1.0015000447045632, -0.316535859707718]
0.7916689661749187 [96.89706612981874, 0.1356276884825669, 0.4593674987713333, 1.0015002667522723, -0.32695061386491464]
0.7721660274719958 [97.74483514027744, 0.13312315609105477, 0.583514986102981, 1.0015007887927245, -0.4142067039978513]
0.6973802954075196 [98.50439149902442, 0.08798325857996163, -0.18776932896305534, 1.0015015076724088, -0.9679950141402721]
