0.9697728095835095 [95.32358071508929, 0.12481359790756451, 1.2369951332184337e-05, 0.4542772932589282, -0.16582597514465175]
0.9697348054717145 [95.52927968802095, 0.12399553885150877, 2.8152725911192323e-05, 0.45362550006828606, -0.17775933350177014]
0.969602699537931 [97.19067636791695, 0.12050118938204799, 0.4338178923880953, 0.4448750075261639, -0.1657272172545075]
0.9695023065728157 [97.79758140661339, 0.11928686917109663, 0.5954854253479069, 0.4423020870190304, -0.16270287491194219]
0.9694921081429948 [97.85485639111796, 0.11916647201450975, 0.6096647456558759, 0.442033658119649, -0.16270953619536443]
0.9694913459714082 [97.82016241770563, 0.11929628927428292, 0.6064600755439487, 0.44277611962379815, -0.16362385189519324]
0.9694845951331647 [97.89150621508665, 0.11909824012572823, 0.6198001488253196, 0.44198341612387015, -0.16287884897470373]
0.969459894827994 [97.96341904380381, 0.11903970174761153, 0.6511414707669304, 0.44153055071840863, -0.15985578395478034]
0.9694093672626302 [98.25353377328501, 0.11837281372558726, 0.7149659183238788, 0.44004772283059246, -0.1628716470167667]
0.9692014513436724 [99.06567873207877, 0.11681777879360764, 0.937830031187159, 0.43622051954968827, -0.15934873778308478]
