0.9436624378626493 [100.2882955572853, 0.11019353062713122, 0.4815974903390067, 0.48760237548631113, -0.22822205433281656]
0.94351497145113 [99.89839068203614, 0.11092353166701646, 0.3817160128732139, 0.48940567741919555, -0.22849777693985304]
0.9435069870156233 [99.83147154910927, 0.11117385349325865, 0.38444659679915716, 0.4899455034355216, -0.2263048198334897]
0.9434265033962934 [99.64612603388176, 0.11141829679273739, 0.319695994691526, 0.49034405376984336, -0.22858467449863518]
0.9064201954577712 [89.03590191170585, 0.1895524941212019, 0.05893940762785241, 0.8211972825516929, -0.2752101697748166]
0.9063983745549338 [89.17727503046403, 0.18890048648720123, 0.08054892878975956, 0.8195774998187757, -0.2746605448727828]
0.9063273947175343 [89.51294818087305, 0.1879257742801727, 0.15637343153076266, 0.8169847094217502, -0.27151758129719683]
0.9062492054901471 [90.03157233892878, 0.18606357309105015, 0.2582705986376126, 0.812523829353079, -0.26720810457941435]
0.9062419434634281 [90.09102535300255, 0.18585861954632046, 0.26986259044238287, 0.8117384117242302, -0.26676072070022827]
0.9061839051482892 [91.62063796078974, 0.18043816163526677, 0.5696018682071244, 0.7976603121234243, -0.2575859915979491]
