0.8906796927168527 [97.83935799428298, 0.13615242318637105, 0.757815906291268, 0.998498585757227, -0.2349133249453354]
0.8878924813893022 [97.26572105468912, 0.13639126294178974, 0.5590753370244628, 1.0015038591679937, -0.25192091182886966]
0.8872241343850612 [97.52068497259745, 0.13479699063717543, 0.5119926284572529, 1.0015059326205926, -0.26547819199139483]
0.8872044877469603 [97.10389962066449, 0.13685137895758176, 0.512841893931578, 0.9984932203961535, -0.25850373361059203]
0.8868311700457036 [97.31940600172891, 0.1356282730763354, 0.48585713950702597, 1.0015116028075703, -0.2645198629253125]
0.8862785009511843 [97.28432991596912, 0.135171202633378, 0.45439980306208516, 0.9984964254265918, -0.25794170450972276]
0.8862467556487935 [97.1489592591251, 0.13597202225059563, 0.44896146253554503, 1.0015005960284373, -0.2616680335163222]
0.8854181770985915 [97.11582725837673, 0.1355172876004938, 0.39871913288270866, 1.0015208382825707, -0.2652165563797836]
0.880467250679672 [96.21797920483598, 0.1368025027246934, 0.12131997357345206, 0.9984975192117362, -0.27964739776523684]
0.8716796699316752 [96.23522108078211, 0.13360418712126743, -0.1813813452619107, 1.0015093060913247, -0.29837295400144015]
