0.9999906068797475 [100.06323542856094, 0.11095222239465008, 0.26266671520930296, 0.11056096506097016, -0.7852351322082544]
0.9999905953779101 [100.06800285961123, 0.1109419668089362, 0.26360806284810334, 0.1106713170491825, -0.7852044908660148]
0.999989299626023 [99.82620721323062, 0.11138961884789916, 0.20186541413887057, 0.11076856082347436, -0.7850139866470053]
0.9999870164245028 [99.69931802921889, 0.11179122760408436, 0.18747762966785905, 0.11170463938548947, -0.7818182293140702]
0.9999870130538228 [99.69833439099503, 0.11179395020823521, 0.18733397114260764, 0.11166579224939245, -0.7818308103725959]
0.9999859214230041 [100.0049789574525, 0.11122313520622196, 0.26565622224165325, 0.11138853890050143, -0.7821305686660034]
0.9999848591301898 [99.4503751071467, 0.11226063497763847, 0.1244308046208816, 0.11200224994314956, -0.7815065810973976]
0.9999739185017721 [99.0235340983329, 0.11309480545774231, 0.020167703957770372, 0.1116588103851436, -0.7810994581471202]
0.9999638585958057 [99.9423247404175, 0.11150404195745864, 0.2679363473838409, 0.11201309788554714, -0.7791151052359879]
0.9999244466953703 [99.8828752391718, 0.11177626275430577, 0.27007978296592805, 0.11305931213673577, -0.7759390156001909]
