0.9991833633023625 [100.38456819749683, 0.11032362688169742, 0.3544291195703799, 0.21214321107340087, -0.7812726548167992]
0.9991833058957478 [100.40194270764312, 0.11029067573103651, 0.35883027003754103, 0.21211708107315497, -0.7812951766761972]
0.9991826362143184 [100.12681089533464, 0.11080489385853336, 0.2880319268961267, 0.21267689261372874, -0.7809807512724203]
0.9991795285985945 [99.89745414240267, 0.11124131626271669, 0.2298244693108659, 0.21313634952341942, -0.7807127130319044]
0.9991767183349372 [100.18013212989707, 0.1108014846617259, 0.3144852326175148, 0.2135011066128976, -0.7782295253195659]
0.9991750880827631 [99.70383533091633, 0.11161136848920372, 0.18080171870090508, 0.21355084873574975, -0.7804022042960352]
0.9991707754689885 [100.10082665920433, 0.11075814746659526, 0.2686325867244659, 0.2117847810627822, -0.7837399038219839]
0.9991679452395905 [99.51138790569925, 0.11208168823160583, 0.14535678608288077, 0.2148894862713082, -0.7773327175672609]
0.9991135720090566 [99.70570565373376, 0.11189797830556744, 0.21929278486661896, 0.21638061139991543, -0.7720349234047839]
0.9988347138202878 [96.0591162074173, 0.11967131928584923, -0.6335143866169188, 0.2282266228785031, -0.7600215060354746]
