0.9991709969491437 [99.91228991476164, 0.11111915440314694, 0.7178546421808403, 0.21418536345097036, -0.783731365619333]
0.9991709152118551 [99.95838333091665, 0.11103705633547653, 0.730510644378906, 0.21409797038761286, -0.7837149724200022]
0.999170692922093 [100.00332027529963, 0.11095483235507216, 0.7427005206823911, 0.21404064328664293, -0.7837659503315908]
0.9991683667210237 [99.98573308665613, 0.11108029426320917, 0.749943830408229, 0.21505104722250018, -0.7807337735336839]
0.9991678651128316 [100.13390120337108, 0.11081159350145614, 0.7903066693161326, 0.21481108085688874, -0.7807523616592411]
0.9991652634989222 [99.48674782522984, 0.11189905675204151, 0.6031283055960774, 0.21490750984943383, -0.783398502310052]
0.9991629371181917 [100.38019692472815, 0.11028181145951474, 1.1534230480297252, 0.21334240524199874, -0.7838827372575885]
0.9991584664178399 [100.51451816059961, 0.11013555819793786, 1.1047623607779848, 0.21431189673600276, -0.7807111275570646]
0.999153856836729 [99.15545956022905, 0.11252760970900913, 0.515944071655863, 0.21556256031733356, -0.7832301748392715]
0.999145479460082 [98.97975245250726, 0.11286191718075586, 0.4696135480950115, 0.21598270647313822, -0.7829567414523775]
