0.7666924346617596 [103.84082970004468, 0.0998921199941861, 0.9721331368229322, 0.998499943128939, -0.056677082211270186]
0.7603540188068256 [102.80101612576931, 0.10130016525871788, 0.695280836915193, 0.9984999197558468, -0.06109497972950795]
0.758896284469149 [102.12304667301999, 0.10324271602623442, 0.6692374073137161, 0.9984998868674237, -0.04863877337703518]
0.6751388724134576 [104.33093931459024, 0.1074252177640547, 1.0702587007146336, 0.9984999746870915, -0.1850581098804826]
0.6656582198495014 [103.48462235564492, 0.10799738037339875, 0.663476435052742, 0.9984994483380674, -0.144447489547097]
0.6645945361795199 [103.89628101447722, 0.10673486544563053, 0.63387020388982, 1.0015002002485716, -0.16230128415932316]
0.6617035971980352 [103.75597756645433, 0.10691629763421887, 0.5631487854523906, 0.9984994774839604, -0.16325728417272845]
0.6610728361179672 [102.2768641384192, 0.1139721916976637, 1.2829776738907228, 0.9984999309450889, -0.17708042864241785]
0.6591406942235443 [103.31516810590499, 0.10796451746967056, 0.5016480562207428, 1.001500111708053, -0.16806029576763304]
0.6455446694069806 [103.41556877303094, 0.10617334556230294, 0.20819399336970648, 0.9984997757055524, -0.2011880903822486]
