0.9643685120183453 [91.36699426505096, 0.13545693631557845, 2.351054942171955, 0.46233299900121205, -0.12474906243156463]
0.9643035012099368 [92.9445337547642, 0.13124378872178266, 1.9998606346314858, 0.45432765248918094, -0.11876363821951802]
0.9642988604123471 [93.43268976574251, 0.1297796921835144, 1.9155519750815584, 0.4513727541212987, -0.12429024981201563]
0.9642975258761669 [93.49787307014614, 0.12949548699678887, -2.086547523512551, 0.45089512973286233, -0.1282397446012978]
0.9642091220577304 [93.37253926450383, 0.12936533410279374, 1.999990810362013, 0.45151366146515154, -0.1438942288335207]
0.9640816661631415 [94.83759755866889, 0.12639065843801606, 1.5797944503173524, 0.4442141474468473, -0.12150382377902441]
0.9638123116036751 [96.06809943029623, 0.12354913533451249, 1.2765964943482695, 0.4384477209929104, -0.1174340390617172]
0.9637536971819213 [96.34348773759851, 0.12290276914415063, 1.2139616487028264, 0.4369830133487068, -0.12089313146279998]
0.9635850408470094 [96.93629034291908, 0.1216334820893819, 1.0609327642857553, 0.43443036101533244, -0.12074746727658689]
0.9635653939432972 [96.88334098250078, 0.12188293446324261, 1.0547745050836044, 0.4343871275463379, -0.11356699133643036]
