0.8821841203961389 [90.36261953903511, 0.1842317002811972, 0.746576285173282, 0.9522226387574962, -0.2715401934205418]
0.8779941465340775 [93.8595924320629, 0.1556690565260691, 0.9983514575791073, 1.001523535149352, -0.22855345056261134]
0.8779926892959284 [93.57260945907325, 0.15755814679822702, 0.9968972917286087, 1.0015745237129179, -0.23217071080671506]
0.8773675909698808 [93.62934090456781, 0.15614410620675645, 1.0698829486500196, 1.0015165542981814, -0.24014847080815038]
0.8757918055344142 [93.1140729355269, 0.1563966774427563, 0.7659178686338317, 0.9984868436244267, -0.2365496769924243]
0.875694130940144 [93.59754873062738, 0.153783453898029, 1.227889946345865, 0.9984969390935323, -0.25839858596622056]
0.8753175227807447 [93.34555838779372, 0.15443258014342975, 0.7156284068932635, 1.001504684362817, -0.24547872275972776]
0.8753084401118234 [93.20204947350962, 0.1550549552105055, 0.7198503145858399, 1.0015043966101669, -0.23811433158413736]
0.8751698465526632 [93.54800018673961, 0.1532028462871955, 1.27119343737209, 1.0015097557770536, -0.2621821992823762]
0.8735906637928778 [92.92365498219183, 0.15527156445125007, 1.3977979466322106, 0.998454927442496, -0.22971015909145526]
