0.9329608309611874 [98.33183252421202, 0.11409458761171487, 0.7686840637031646, 0.4777851175721263, -0.18584025907254675]
0.9097892124867004 [86.00072643508878, 0.1970926541043405, 2.0687208817816547, 0.8367959324242085, -0.28546975257512663]
0.9097538572887086 [90.66429344335756, 0.18188153235621207, 1.0174893100588869, 0.7942114558926623, -0.24096168496313863]
0.909527481315546 [90.10370260584514, 0.18379685751451225, 1.1387843145792138, 0.7986010343669456, -0.2441048072241062]
0.9093249015350763 [89.54581206062576, 0.1854358845413463, 0.7249927985732005, 0.8026420783574244, -0.24895405795375364]
0.9092503981550676 [89.31513563063137, 0.18595356317525077, 0.6635017937408757, 0.8042566449781081, -0.252771581468464]
0.9091756877462454 [88.72078004908346, 0.18822836756334516, 0.5450631504805905, 0.8095969534607874, -0.2568918310014012]
0.9040216032401402 [86.94903646238029, 0.16483002729251955, 3.0017024939883727, 0.8204836969095399, -0.35285437299469247]
0.8780631613352293 [100.55098018586573, 0.1050022776868051, 1.1353399724536613, 0.265550307451837, -0.6760209193261465]
0.8779115421870596 [100.7426142575729, 0.10536697263510926, 1.0015182737436419, 0.2790970265279929, -0.6269615934556876]
