0.8863001182103043 [96.99663420640323, 0.13882994504271437, 0.33604305397627926, 0.9984987703479523, -0.26695167877626946]
0.8862005006759776 [97.10886157188223, 0.1381177593432377, 0.3237716400945943, 0.9984934804371128, -0.2584261956164251]
0.8860494557294843 [97.51534151065368, 0.13561752058446602, 0.32373824784983285, 0.9984982903787002, -0.2600681860479541]
0.8855289164191481 [97.19528683150642, 0.13725956780903692, 0.28855838326463024, 1.0015023646853582, -0.25724699756966846]
0.8847442348915635 [96.90597039150548, 0.13850859117696124, 0.2479412661087379, 1.0015052727446068, -0.26486360798444036]
0.8846833196799293 [97.49144213565904, 0.13489925821350257, 0.25459381808330406, 0.9984975645905307, -0.276537001718816]
0.8845342891401716 [97.17558199924531, 0.13657254065246427, 0.23383789694380328, 0.9984915805159651, -0.2651946821989155]
0.884391244969995 [97.24457324381842, 0.13624609822141487, 0.22613599443685523, 1.0015023325298502, -0.2676857348787467]
0.8834939664338186 [97.0040521082486, 0.13674098425575235, 0.1783006287058695, 1.0015024287506926, -0.2675586531067882]
0.8828812484682221 [98.47205810484688, 0.12983271433949684, 0.22907749216238282, 0.9984931966855667, -0.26250847215792494]
