0.9408697108519097 [100.6821008118698, 0.10960631786291015, 1.1312734817635615, 0.48045500867908153, -0.21327587334807616]
0.940677816237165 [100.21962725124035, 0.11044332776176789, 0.7440185196063458, 0.48200374063408924, -0.21229419218592083]
0.9406018420658433 [100.01999670457273, 0.11082369141572948, 0.6925821949820179, 0.4830538824088807, -0.21282460940573877]
0.9405952605335578 [100.00752222788098, 0.11083811078086461, 0.6879922174014668, 0.4831232657294386, -0.21293713164022282]
0.9403807884600461 [99.42371064079998, 0.11194747520925814, 0.5362316895878141, 0.48569880812764077, -0.2133329590130365]
0.9092693291460561 [87.87469127156297, 0.1918182415134923, -0.012297986422096577, 0.8298851748977323, -0.2762268826629476]
0.9092660448890391 [87.90466813391927, 0.19165341998323193, -0.00826747269535602, 0.8293035262655941, -0.27619228326859685]
0.9080209793842956 [90.58807632346065, 0.1822688179428853, 0.5302345693694486, 0.8036716580699288, -0.2572319448030346]
0.9080143617114058 [90.32724239078775, 0.1836088582535153, 0.5021252898532532, 0.8068909797856914, -0.25549055204227555]
0.9080143458161614 [89.6206250698036, 0.18578557007736393, 0.3429686710653709, 0.8130241509960808, -0.2628845628719788]
