0.8075292609053091 [98.88775728782312, 0.1270037143145083, 1.001526033080208, 1.0033671375223865, -0.2193585160585383]
0.8054504305202467 [98.5100860710339, 0.12713979300860975, 1.1423996864772645, 1.0020309323494139, -0.22437424798007183]
0.8041891734810812 [98.25433377830129, 0.12763056928358144, 1.2024288939147403, 0.9984998854028952, -0.2379675360976765]
0.8031639529978324 [98.17682271352855, 0.12762392276269824, 0.747872895681576, 1.0015000754124932, -0.2306698655761052]
0.8011373926383286 [97.81832142612964, 0.12855428034892802, 1.3177562800809013, 0.9984999678277597, -0.24337880442751572]
0.798662092910298 [98.56348787147627, 0.12438713728613891, 1.3574773673993983, 0.9984998565558499, -0.24968308142318152]
0.7907372767285478 [96.07631658881752, 0.14133788275683498, 1.0015144187339489, 1.001500094113053, -0.3034023640432592]
0.7778573265590076 [96.32984878986025, 0.1318807040056555, 0.34926855214807484, 1.001860968442939, -0.3454236649131458]
0.7633697549242883 [97.49536650672374, 0.13004856598698578, 0.6798739196823854, 1.0015002565976072, -0.42485406474710485]
0.758070995878056 [97.4838520503582, 0.1309956610551552, 0.7480407667604085, 1.0015003269626022, -0.44069220680051124]
