0.8907323745148529 [97.0977776570956, 0.13890097033366733, 0.9267723570178779, 0.9984944368023484, -0.24832321593517798]
0.8901227093141539 [98.09492582941888, 0.1340224136947305, 0.9670274343502352, 1.0015004586978584, -0.23275547997743615]
0.888907178656858 [96.98194315325135, 0.1383698272984128, 0.9519686330445385, 0.9984998195688867, -0.24849971521633601]
0.8884041856189204 [96.97674972703875, 0.13767815044180992, 0.7626462826794502, 0.9984964696203767, -0.25235434536171647]
0.8855001192773648 [96.95768600054899, 0.13585736637325976, 0.5919269004166816, 1.0015017818550827, -0.2656258718141207]
0.8847835735589713 [96.79544822308883, 0.13640481726757764, 0.5874181339236046, 1.0015017217107667, -0.29112280880412084]
0.8841727849313176 [96.80952093567774, 0.13581943845362637, 0.5159109989736781, 1.001524034701847, -0.26797525329902927]
0.8822427323026514 [96.36572509299326, 0.13685700323743874, 0.4141218828540717, 0.9975206395822859, -0.2744295236950566]
0.8815062860992782 [96.6986085376786, 0.13428566269662695, 0.3917669682618401, 0.9984955163487783, -0.27408794867444464]
0.8803054294171253 [100.01998732936616, 0.12546826066336447, 1.0015303057889602, 1.0129411888950512, -0.3108051908940521]
