0.9991550651450665 [100.044096809515, 0.11096837174997881, 0.5162455495021052, 0.21399222957559694, -0.7807957288010118]
0.9991535804379479 [99.82296633355001, 0.11138086541392246, 0.45830301540612284, 0.2144032201110469, -0.7806153022771062]
0.999151542719161 [100.4373622005449, 0.11024796018982469, 0.6207174776549691, 0.21327432224811774, -0.7810105734886736]
0.9991513368562683 [100.44722842961521, 0.11023171678453655, 0.6234693005070675, 0.21326699733644927, -0.7810181352092209]
0.9991493864172277 [99.58276026508108, 0.11183413067962356, 0.3958227646894358, 0.21489061857066433, -0.780375566692208]
0.9991425239955217 [100.08110390363053, 0.11099533794480251, 0.5384716402447389, 0.214892789375, -0.7779469622033572]
0.9991305524605308 [99.0342870751098, 0.11289369165907343, 0.2559206949717735, 0.21597054948362132, -0.7797152909355219]
0.9991302006341855 [99.16780067935287, 0.11252977484296287, 0.27612496057373204, 0.21499925848408108, -0.7826426139235962]
0.9991132842167386 [100.33560781860646, 0.1106215885359027, 0.6183374770486002, 0.21540354143138596, -0.7751655091386576]
0.9991086624229898 [98.63191872245338, 0.11368913945050546, 0.15439211549770954, 0.2170778029903349, -0.7789791913146171]
