0.9874015949245664 [100.88049124598632, 0.10821508528330823, 0.6223493443682722, 0.28048097704145136, -0.8610159709840243]
0.987387596533526 [101.30992734534672, 0.10739577495548482, 1.270603550434832, 0.2789070227721908, -0.8643438435753773]
0.9870407124118799 [98.48833254556135, 0.11268877745340788, -0.0024576085435283014, 0.2876666578635088, -0.8574770775791389]
0.98692100142331 [98.05102291314734, 0.11359381764163481, -0.10738940641702496, 0.2889842509249694, -0.8568173970996966]
0.9796363266021403 [99.42416363138454, 0.11711543607899091, 1.0015001709018851, 0.3993854721089019, -0.2892443904161174]
0.9796212393643671 [99.72194363820182, 0.1158756289223504, 1.0201727769077777, 0.4021437554535958, -0.31499958436318676]
0.9796146732687455 [99.37889364644991, 0.11728481290053594, 0.9984985919867413, 0.3990823431464624, -0.28611041027509176]
0.9796139465712089 [99.67025304265871, 0.11633910374441692, 0.9984998781319785, 0.40143128930862637, -0.30004651112567937]
0.9795509178766323 [99.25666439289222, 0.11769596840734975, 1.0086816756085575, 0.39870095630339825, -0.2799553463562833]
0.9790620485265139 [98.01726799975617, 0.11952780050705411, 0.5740355066584895, 0.4065641266269653, -0.29986422504013865]
