0.9872388033773669 [95.25414583773589, 0.4713501557481639, 0.01912200588652944, 0.2630616023016456, -0.6336258918875572]
0.9872179442108405 [95.23505480239466, 0.4693111889610727, 0.011243617829271631, 0.2582009651903858, -0.6365874954577123]
0.9872000438300688 [95.21107690063405, 0.46932026144410144, 0.009189181342808064, 0.25792482276603323, -0.6369978764356654]
0.9871594339966304 [95.24466310940846, 0.46402573647545325, -0.0004520008146804142, 0.24655585985541065, -0.6439097646232628]
0.9871468111500994 [95.23912943764788, 0.46380612167115276, -0.0018366804646945884, 0.2475871784709066, -0.6441470957897213]
0.9871212785045854 [95.12405389165588, 0.4699430487605209, 0.00041239832762759716, 0.2610345759275749, -0.6369650516627314]
0.9871106715382885 [95.32784231700818, 0.4603344273276294, -0.002753626177707092, 0.24491524182349497, -0.6463288375705447]
0.9870920934827329 [95.17673016629772, 0.46455573841356845, -0.00773930721119972, 0.24987815926259607, -0.643689830713883]
0.9870160898757633 [95.11122981287825, 0.4646186117143051, -0.015703620139890344, 0.2539450738883312, -0.6438788082615841]
0.9867931713929301 [94.7807228614951, 0.47367757032772145, -0.03365840896624279, 0.2755705690387539, -0.6358312676594248]
