0.9884154554293815 [97.34629045340881, 0.43877117069504146, 0.5975548459977149, 0.16388339911029132, -0.6459178625033948]
0.9884125483821617 [97.38458475250405, 0.4356878411187666, 0.595837271545432, 0.15859247849620023, -0.649491656137366]
0.9883975990468337 [97.52708464425565, 0.43923022448260224, 0.6200628781030517, 0.16521997967111288, -0.6422790411526873]
0.9883941308766195 [97.41900806454069, 0.4326243031936323, 0.593498924917047, 0.15370176616154096, -0.6531248057646495]
0.9883729603864622 [97.27699109652048, 0.44499932821741467, 0.6015425890686135, 0.17392700982920264, -0.6384851902884295]
0.9883264195615669 [97.24087837738098, 0.44806797004787935, 0.6032266249941248, 0.1793046285999232, -0.6350117297037641]
0.9882773800515512 [96.69563533804131, 0.45591165281149293, 0.5587781528771001, 0.17361732473013597, -0.6365164681291595]
0.9882621077750076 [97.20045323020695, 0.4511186634777481, 0.6041936134460606, 0.18513307733833495, -0.631494315910259]
0.9880860339774847 [98.14725323906359, 0.43880864436691175, 0.6919020504343809, 0.18279977529948205, -0.6266624379460684]
0.9879601810830064 [95.57614655027143, 0.47066079390982624, 0.4445976404837303, 0.23557021823805666, -0.6342970313387972]
