0.9873883706877559 [98.17097544982332, 0.3897590449581747, 0.7244800827819102, -0.16134898601762687, -0.6662825600241022]
0.9870929477092385 [98.70367976352445, 0.37352221208354464, 0.7264914079618279, -0.14630971237420545, -0.6861951081265673]
0.985349210719279 [96.46253992723614, 0.40814782746475153, 0.5272963507681452, -0.01186953362396505, -0.6816592161882706]
0.9852474741094965 [96.70787789428545, 0.40512741143955616, 0.5493976302741266, -0.0066261143635190445, -0.6819411878329646]
0.9851664034701347 [96.71627998740566, 0.40509289812775906, 0.5495250393393457, -0.0028776903909460997, -0.6819290984662603]
0.9850255101960175 [98.35762275368, 0.3858406329391493, 0.7075148832649772, -0.006175222431236768, -0.683489609981067]
0.9850022404119133 [97.79453865028947, 0.39176503210087277, 0.6462953768611069, -1.964314965359782e-05, -0.6787011958736466]
0.9850002260191998 [96.6769580980656, 0.40552995453167906, 0.5445786566719348, 0.004706189993333549, -0.6820435743213349]
0.9848725023354884 [96.7523447697383, 0.4026658172278679, 0.5426423178302733, 0.010342420381550955, -0.6848909681027449]
0.9846093640856262 [96.60799196078894, 0.40435493844759784, 0.526767852518027, 0.02211139350523198, -0.6850665268498951]
