0.971360564148819 [97.38241407414813, 0.5864114965424182, 0.533498577025138, 0.7814929462093418, -0.48256340806421655]
0.9713441959964022 [97.14886911694248, 0.5877756305973058, 0.5159602096687262, 0.7756910148619243, -0.48800000014004385]
0.9712450697118362 [98.3506888346069, 0.5934535177778799, 0.608000931961934, 0.7946559232044268, -0.46305249069617044]
0.9711335472301398 [96.55995486767299, 0.5876859200877458, 0.4623343690055407, 0.7669518650501499, -0.49654189003309146]
0.9710992083085311 [96.48887837646228, 0.5872992378471378, 0.4558281230996334, 0.7668217120386285, -0.498832779545483]
0.9707302990454644 [95.6977706499404, 0.595495702040145, 0.4082372104009324, 0.749624706067465, -0.5211810745064784]
0.9705771864641642 [95.74328908932111, 0.5909545443220132, 0.3940617484625627, 0.7561277612781001, -0.510008334946118]
0.9693042901630613 [93.31027431271447, 0.6036549195590697, 0.19318855230217413, 0.7936291580142001, -0.5361154589702779]
0.9675352230079318 [92.12693909868482, 0.6338871738735565, 0.08859635859223942, 1.125310434308788, -0.5363543071707317]
0.9651417496928858 [92.20616544073431, 0.5587038040002796, 0.055856715310224146, 0.7302461491466772, -0.5586518476869837]
