0.9836539612529536 [95.06561600961156, 0.49749748704656066, 0.6289984938991369, 0.3701587386232811, -0.6063902306221272]
0.9836539296184318 [95.07732642152104, 0.497494877680308, 0.6300631506360839, 0.370047486664276, -0.6061887988729223]
0.983653923202636 [95.07355554513917, 0.49727631641416625, 0.6295589479566812, 0.37026999074153827, -0.606315204477708]
0.9836537353168413 [95.04635616499763, 0.4979674520892672, 0.6270115089400741, 0.37082118701956046, -0.6060484803580543]
0.983653725150432 [95.08754913666448, 0.4970000036027925, 0.630780908757852, 0.3699957486003589, -0.6060306285469366]
0.9836536904181493 [95.03366817379154, 0.4977728286241885, 0.6259797666373164, 0.3708379268356607, -0.6064677718531295]
0.9834094104598651 [95.87710043226814, 0.47445143043633187, 0.6994064580682182, 0.3279263998678964, -0.6161628302298499]
0.9834076529634463 [94.19802572550441, 0.5084747712395218, 0.5410634772951693, 0.3690507017097423, -0.6082887951203215]
0.9833499201064357 [94.70368366918572, 0.4883329818911678, 0.5745866527504557, 0.3529519030402858, -0.62123655344633]
0.9832228367310822 [94.70822864884613, 0.48552226864950676, 0.5735465902900008, 0.3433111945875035, -0.6263347891648412]
