0.970965354533284 [97.86441522112061, 0.5984498332873041, 0.7134125969464767, 0.8290782708312189, -0.4595833391543116]
0.9709380501736236 [97.97463844783876, 0.596159829863162, 0.7267471318059433, 0.8285660174766137, -0.4592839416941654]
0.970582144647682 [95.56358862272424, 0.615627363797103, 0.5462764685299967, 0.8019450010039153, -0.5065830931709172]
0.9705194023178187 [95.60670613988697, 0.6069000433888707, 0.5434787675719202, 0.794478650159144, -0.5039928004838102]
0.9703923805341254 [95.05401000061383, 0.6062018856867888, 0.5044152736914849, 0.7827882531065112, -0.5191227279495638]
0.9703923703159665 [95.05500247524114, 0.6063502666413407, 0.5051090968014224, 0.7827265438752462, -0.5202686978880378]
0.9701919749639349 [94.55977569328425, 0.6020675449142354, 0.475708345877378, 0.7552753395856742, -0.5369289470936478]
0.9701819461460552 [94.33492921309755, 0.5987905360942181, 0.4491189150935272, 0.7647190886426416, -0.537289054149809]
0.9701072004171324 [93.8903995474245, 0.6043386199164453, 0.4077847913443596, 0.7899302543504965, -0.5356893847763023]
0.9697523596105097 [93.35614999426866, 0.601662054494251, 0.35907405532241177, 0.7756611277299903, -0.547922174470119]
