0.9891777839643628 [96.99423971210076, 0.40982406577795594, 1.1313669136820441, 0.01541286771272013, -0.6704442224122998]
0.9891777822996903 [96.9979796471286, 0.4097553774391791, 1.1310388435955039, 0.01543040431758905, -0.6704851186104697]
0.9891777723385368 [97.00127512753018, 0.40973739726082603, 1.130706341182577, 0.015496280977977728, -0.6704536097046748]
0.9891717533097361 [96.97488270439615, 0.4121662822001576, 1.1267397785988913, 0.015090164263207192, -0.6673920321548494]
0.9891649188469074 [97.00459938714258, 0.4075936487609081, 0.8630614179126477, 0.015693262666226362, -0.6736870582693937]
0.9891642596490977 [97.18120417677383, 0.4086894213867987, 1.110584320216926, 0.01453974371274715, -0.6685185063787489]
0.9891472469889323 [96.96134476169638, 0.4145258316704016, 0.8785452450200449, 0.014260120774242956, -0.6642981715181593]
0.9890870825578554 [96.99612159978444, 0.4042616317680289, 0.8503293598713224, 0.01800346877684504, -0.6798079435874186]
0.9890059005814538 [96.75700684681644, 0.40540109497149746, 0.8168059339003444, 0.022108292157218795, -0.6790705796472021]
0.9887986937847711 [98.1950901783174, 0.3984227713958207, 1.0043587618464727, 0.056298679288572594, -0.667882078460662]
