0.9704799739244234 [94.72507525801184, 0.6242899497497886, 0.6223900798948157, 0.8324459216354964, -0.5131491609436296]
0.9704702049163024 [94.76505811420037, 0.6167547182312505, 0.6253439506346505, 0.825472167806097, -0.5129625978076756]
0.970463623902189 [96.76768633586967, 0.6079661233229872, 0.7778646671981191, 0.8447223053041393, -0.4720285408366005]
0.9704291600643998 [98.36342370832209, 0.6067270709185887, 0.8878038228344143, 1.1134966066790741, -0.4319705085206893]
0.9703893774508004 [94.46387711238444, 0.6068645247291984, 0.598095335235727, 0.8121157967308898, -0.5203163832977454]
0.9701102723408337 [93.45655695999955, 0.6181391726316868, 0.5183697380990747, 0.7903409248278519, -0.54142582499672]
0.969970539238253 [93.32950563147232, 0.6152796980445231, 0.5045624197786422, 0.7847769264867615, -0.5440563217373978]
0.9698489720479112 [93.10335666916063, 0.612713508870364, 0.4841122721523695, 0.7789229735450796, -0.5447330506908192]
0.9698162408100208 [93.01644102663734, 0.6164478487823727, 0.477839817440956, 0.7829330002164093, -0.5495209163984006]
0.9698023463709162 [92.92435634010624, 0.6155230594771348, 0.4702062919422032, 0.7831498578750353, -0.5517248231399462]
