0.9880777821482085 [96.52811549465139, 0.4403705079236078, 0.7021064449465376, 0.16492144477105009, -0.6524980410164533]
0.9880777688778841 [96.5084853967907, 0.44067737188305167, 0.7003288562430596, 0.16502820764455894, -0.6524635334106054]
0.9880777593780649 [96.50781387599312, 0.440649240343113, 0.7000471152570588, 0.16562180828069611, -0.6524305808219026]
0.9880740024849731 [96.36197132228963, 0.43984772830720975, 0.6794189708457057, 0.16645854215717432, -0.6554842379492664]
0.9880629018008614 [96.48635356980668, 0.44093682648425625, 0.6987357296468959, 0.1696134044737286, -0.6516897614673037]
0.988060439535785 [96.49194859330592, 0.4434749656065544, 0.7038158552573468, 0.16948106266161644, -0.6490103198764805]
0.9880264919098074 [96.4891440307293, 0.4461413322405766, 0.7084428081250642, 0.17377244275358888, -0.6454640918909025]
0.9879757162185395 [96.46629004897565, 0.44919604311851713, 0.7111784509444635, 0.17833613965548473, -0.6418939452839241]
0.9878764704450622 [95.90448173965152, 0.45834075824235665, 0.655874140015457, 0.20460630653703218, -0.6397305226769924]
0.9876285124189832 [96.49846062791026, 0.45968712173400283, 0.7319112224652211, 0.19476538088430595, -0.6273345576580175]
