0.9771988104184917 [94.13532856877708, 0.5517107847200271, 0.5744319744127651, 0.5713595603357876, -0.5683719200252]
0.977197397577147 [94.09305760632866, 0.5515431470803891, 0.5696889776527483, 0.5733873993800378, -0.5683838134194318]
0.9771840173179129 [93.96703359567931, 0.5520166873658301, 0.5565271762796119, 0.5695038282205569, -0.5714617902158992]
0.977184001311406 [93.95397339194662, 0.5521581941627669, 0.5553906613922578, 0.5697458912015225, -0.5716456105919262]
0.9771838162609798 [93.97066775470492, 0.5517134488567893, 0.557043097285808, 0.5690519166827628, -0.5716546175060273]
0.9771819181627376 [94.20250372916126, 0.5518594885982274, 0.5817314969358071, 0.574418975822928, -0.5662320231163924]
0.9771776118827452 [94.26477304706833, 0.5530771893204123, 0.5889547062953102, 0.5755414545136173, -0.5656822770435883]
0.9771320456926937 [93.8242500301567, 0.5511844255104502, 0.5404294068586395, 0.5665018921395412, -0.5740687826269751]
0.9771191330495839 [94.36181795205692, 0.5548390137603467, 0.6018077197783986, 0.5781870895023968, -0.5634092294553176]
0.9769165105029636 [93.52045007339646, 0.5495603610235497, 0.5068096641361841, 0.5605384720819433, -0.5799678494159625]
