0.9891284843989381 [99.05418728815215, 0.38977311659013714, 0.413247298193964, -0.12981441814414904, -0.6535909312788148]
0.9891281064490257 [99.10837322198492, 0.3892979812151115, 0.41842037434304835, -0.12949087518199237, -0.6537154607938267]
0.9890130388281468 [99.37276694759561, 0.37934635271895967, 0.40872200912270107, -0.12171060764123967, -0.6660353342930799]
0.9888289113601059 [100.14037129687992, 0.38626294246891346, 0.546088682222176, -0.12597002044853317, -0.6420406944771783]
0.9887833905289983 [100.87605726843748, 0.3647709063862394, 0.5507178955726595, -0.10854674132780272, -0.6685587564801595]
0.9887200734728427 [97.53173837141604, 0.4006731958100057, 0.24588546955152257, -0.11430041668017987, -0.6631444473924656]
0.9884083854702597 [100.02523560142015, 0.3631288441489963, 0.41693357090312627, -0.11319069770566154, -0.6834030727967166]
0.9878522829858642 [101.90683473228796, 0.36341079290590994, 0.6829905781693805, -0.06537430691279186, -0.6600914102288824]
0.986897289343709 [99.55650761346527, 0.39088089765586687, 0.4588790969514764, 0.035512480450412935, -0.653798960841646]
0.9865512553576155 [95.49712585718478, 0.4385242382754533, 0.09661420662014818, 0.06242294219657383, -0.6502855031228951]
