0.9785240398876675 [95.66847853780328, 0.5382652120692542, 0.3882611751060011, 0.5500106631696463, -0.558649267589893]
0.9785095081991995 [95.58674968773033, 0.5385142390489709, 0.37948700595017865, 0.5513361848681515, -0.5598995283994653]
0.9784412301066869 [95.48132849908046, 0.538510693020719, 0.368565165131154, 0.548461458641303, -0.562478586369197]
0.9784410714800136 [95.45758726906641, 0.5384105306015268, 0.36486318370118875, 0.5502368796969228, -0.5609361101786403]
0.9784367274625679 [94.99743018049298, 0.5472793096918067, 0.32665749804077526, 0.5734447564742405, -0.5592031578458077]
0.9784158433434648 [95.4940735229072, 0.5374033548904098, 0.36794152580766737, 0.5468514190009801, -0.561933531440729]
0.9784157903396054 [95.48295725281949, 0.5376742102433962, 0.3674054164063829, 0.5466893150193161, -0.5622149372990293]
0.978336002297695 [95.21556463776426, 0.5423246572876013, 0.33194991664276385, 0.5707037470901408, -0.5506887957935938]
0.9783105939309111 [95.31525173217388, 0.5383737975612021, 0.3513425644994138, 0.5450682146149772, -0.5662081197475305]
0.9764404088478579 [92.69468572364607, 0.5526946433825929, 0.10522515941857563, 0.5978450426259322, -0.5841488735628912]
