0.9471901195437971 [96.93816910904006, 0.5829810210894106, 1.001511578434386, 1.0130502184324013, -0.4787399750085286]
0.9450427978613003 [95.14859167581206, 0.6494987401713299, 1.1322912946585812, 1.001501108677263, -0.5074055813191148]
0.944674330324469 [98.08789552995387, 0.5081653368380055, 1.0015198280955182, 1.0015006179092183, -0.38311804750329137]
0.9382312447855653 [99.54581055909125, 0.4430100735590131, 1.0015009605177538, 0.9946970711136565, -0.36175153829933065]
0.9366487801868493 [99.64725293166869, 0.43434625748938976, 1.0016239140433014, 1.0015023795508102, -0.33673210836073053]
0.9323168179576795 [100.9924349626535, 0.3932961416897219, 0.9984944016499954, 0.9984995125978338, -0.36757767947252584]
0.9322777858535795 [100.05523173120964, 0.41198627902342666, 0.9830018555342925, 1.01391117674464, -0.34570832883684044]
0.9306089250861697 [94.94658352490984, 0.47607770505532143, 1.4124213444798623, 0.9981364341228878, -0.4580308624527552]
0.9269726838816742 [100.68803251518453, 0.3792410354813418, 1.0961873162916982, 1.001506487700688, -0.35235453864612676]
0.9224021588649275 [102.70256640548683, 0.3428310212203243, 1.0173516896773052, 0.9984990794409327, -0.38152468921997423]
