0.9694365693678934 [99.97954890151487, 0.5640759233305164, 0.9982560388810935, 0.9981443409747284, -0.3935968923384809]
0.969317849397442 [99.44012517020693, 0.587084306298908, 1.0332723348726027, 0.9983779808467645, -0.4086423291001571]
0.9692576777316714 [99.15671357636941, 0.5912849475757951, 0.957913313418018, 1.0016618785182363, -0.42105595117694383]
0.9691899255795041 [99.8979590324276, 0.5684779632670671, 0.9974185371397706, 1.011584321257831, -0.40351354050160676]
0.9690285162298014 [99.61685536823401, 0.5715646208726073, 0.9984724746201863, 1.0152271969112912, -0.4148796269310734]
0.9638976860988144 [100.88173883890408, 0.5188576288056228, 1.001647393671202, 0.9924809979308914, -0.2977259377018652]
0.9621468205839968 [101.0195379263038, 0.48942014974870696, 0.9787568750441324, 0.9769474041387152, -0.3054613662132699]
0.9601033885599027 [93.41690394593758, 0.5617081169137155, 0.4187409064571618, 0.9361943558643548, -0.49664148638300043]
0.9530898522930338 [94.18455408775091, 0.5007605382572144, 0.3088878376888854, 1.0041557346966425, -0.4467542213811717]
0.9492464032577379 [97.40970236498507, 0.4537868945445122, 0.4959602342786741, 0.9984336136862291, -0.3540512778030718]
