0.9895127190143658 [97.75081388023266, 0.41322888383859685, 0.563130401234148, 2.1990611051246993e-05, -0.656575174302993]
0.9894924957971278 [98.26464063043241, 0.4004634621282342, 0.5895735092772943, -0.004960010587395692, -0.6684334455203984]
0.9894634261676776 [97.49246412682805, 0.4121083566266507, 0.5261449553153411, -0.00632625920060868, -0.663646247680969]
0.9894578121487911 [98.05623343773213, 0.41477549504736644, 0.6092600434199866, -0.00888501109030042, -0.6523696195288068]
0.9894566275736628 [98.26836566664862, 0.4114237026647949, 0.6275010337803048, -0.014018730720893012, -0.6528000429350792]
0.9894033374274606 [98.02041915165194, 0.41779055295655104, 0.6133957989446491, -0.009407632657034126, -0.648780385585592]
0.9893330794565008 [98.01680478088892, 0.4204367700241767, 0.6205089931624662, -0.0100292971972057, -0.6453265971284325]
0.9891626265456387 [97.97269937038024, 0.4259108810810768, 0.6302827945422782, -0.014539714488834492, -0.63864518529772]
0.9887286469574904 [99.38337180964032, 0.4014674611872683, 0.7122078886580631, 0.07478400186977138, -0.645245032327024]
0.9885909036291389 [99.47335468196955, 0.38840683342401583, 0.6840263964261946, 0.07383754631286202, -0.6751207654497542]
