0.9885468930426452 [96.5318276324391, 0.44097017084545687, 0.09179501676024715, -0.07602342175923599, -0.6490878948488996]
0.9882443182134995 [96.31557628951788, 0.42998259491135205, 0.012057815082826266, 8.295333148664394e-07, -0.6668562637859223]
0.9881644159731209 [96.21934394319213, 0.4312997083597532, 0.0030021273725455606, 0.00936272197307957, -0.6670657152698631]
0.9881590836633771 [96.33285405731993, 0.42742382920638666, 0.002551838180458927, 0.008416170894900012, -0.6698182795038088]
0.9880893453224311 [96.02631374496569, 0.4358679237091397, -0.0041140447360468735, 0.013312671714605935, -0.6642155418993099]
0.9880888772999242 [95.80237383998025, 0.44968253715694684, 0.02290749757586652, -0.03112432825375075, -0.6512557945420486]
0.9879283827709011 [96.02333888482747, 0.4311927340704808, -0.023481597798045727, 0.012942734313532846, -0.6695258331954852]
0.9875163006251924 [95.52199555889412, 0.44970027672722546, -0.030914984675304555, 0.10112683813014149, -0.6522951119986955]
0.9875089989328644 [95.16161901303002, 0.46747574172521555, -0.0019670680096492477, -0.00616194257980619, -0.6430394087607636]
0.9873805559928963 [95.31623896897995, 0.4589863640517601, -0.02299428685831813, 0.09107522745585708, -0.6466666733267052]
