0.9878382239928438 [99.72677191253354, 0.36795134970655474, 0.38589589692334847, -0.18630957087751565, -0.6754684294343261]
0.9858294726318031 [96.77439496810021, 0.40796393393200175, 0.13735531448025876, -0.052308853325813906, -0.6731110602206336]
0.985193681331268 [97.26377150853114, 0.4044502503139389, 0.18390299335874016, -0.014520164459887679, -0.6718919702035382]
0.9850839148717666 [97.19734854169762, 0.40929005537851537, 0.1959579597362192, -0.010906638752505075, -0.6667582666537146]
0.985071223281975 [97.60391001717832, 0.40042586052331064, 0.21253010852104237, -0.008006575725934216, -0.6731478632690651]
0.9850651954636302 [97.94782752357489, 0.39658352686304094, 0.24278134361450815, -0.007990419492730149, -0.6738207742120782]
0.9850498469455744 [97.58039507352514, 0.40075349905717217, 0.2103346851833121, -0.007061846181897358, -0.6729080917111304]
0.9849933062853574 [97.46350590502209, 0.4020379443893884, 0.19986381584823215, -0.004660191033471252, -0.6730139303203958]
0.9848248542658105 [97.63401499487131, 0.4002373866154725, 0.2134663293952132, 0.0029516846776525153, -0.6732495550355391]
0.9846267072101693 [97.68577618532986, 0.4057624116123236, 0.24459737498967876, 0.007107572499545998, -0.6655886401756987]
