0.987599820127192 [99.26247496420329, 0.3668846294374651, 0.07367832241604022, -0.21223198286689643, -0.6864668598168457]
0.9874722498032628 [96.90273870029796, 0.4190869869020586, 0.01787016699428404, -0.2414128652490028, -0.6372399830071793]
0.9872289303412112 [96.55262596665327, 0.4081534802418417, -0.08859442457177141, -0.20896340087754822, -0.6626949108065745]
0.9849586791133706 [96.5832769486592, 0.4081424962303572, -0.10670919058638896, -0.04634371747984823, -0.6787637952243869]
0.9846274316945041 [97.95805770280319, 0.39127687485860274, -0.004899653728400651, -0.017142423788125524, -0.6842324369581823]
0.9843393275901254 [97.99783194962285, 0.3928351319217632, 0.00674430362434807, -0.006338079319673156, -0.6815021008117617]
0.9840809909213297 [97.0558495889103, 0.4159593480234808, -0.013708080095546991, -0.005828711777837362, -0.6628352304143699]
0.9840776422892388 [97.54792540789492, 0.4037123999109503, -0.0031862914122456395, 0.0032932206111813377, -0.6728133398518452]
0.9840426636861381 [97.19418996414615, 0.4193167508544681, 0.018573860407050925, -0.012873538266647746, -0.6556450065343702]
0.9840133673992415 [98.15100575168682, 0.3911906983805049, 0.017347437048184148, 0.006987875545355458, -0.6819396521628454]
