0.9476832474858566 [97.05177290794377, 0.621361966627004, 0.8785113672467122, 0.9984945088685153, -0.48727033976438316]
0.9475419206254806 [97.43708802606915, 0.5950616130258, 0.8894247795921452, 1.0055195977770253, -0.4625547548414707]
0.9420712060365362 [94.84540209296617, 0.6227975793315921, 0.6979078184076059, 0.9637038745958608, -0.5082099320072915]
0.9396814378820394 [92.8764970011996, 0.6228382855933733, 0.502608242912243, 1.0015237383785993, -0.5156366263544284]
0.9359607701966356 [94.38766460365875, 0.5521925862597696, 0.5227437659655425, 1.0015034264159586, -0.4461449270795122]
0.9312527927291295 [102.9770279963693, 0.3801684218927499, 0.9984306286477742, 0.9984906177854054, -0.3201364547301303]
0.9310334155406412 [99.60959400772333, 0.42711111865197554, 0.7678379907109991, 0.9984908880620226, -0.34652342308915307]
0.9282870921919192 [102.4882087502703, 0.3778965790211968, 0.9109444551747863, 1.001501095980473, -0.3244342187093071]
0.9263417521410193 [103.44005735739601, 0.3622083778520428, 0.9528971340992536, 1.0015193885786489, -0.30997187051214714]
0.9262450920895031 [103.62910881578686, 0.3609020297677489, 0.9578046434674217, 1.0015022394085666, -0.3103640392193548]
