0.9609214898045909 [97.6501381984499, 0.5509840220166118, 1.001928991663048, 0.9926306409373458, -0.4446467434225444]
0.9589133733015827 [95.81461883481441, 0.5833952366369776, 0.8338739863935315, 0.9984728134003147, -0.47245350826011717]
0.9586590843057298 [97.32916950205005, 0.5729988103497473, 0.9892817382242511, 0.9619824667165949, -0.43890489726462856]
0.9524847064391703 [94.85981040029793, 0.5312136918522907, 0.6432402862097691, 0.9980182582055674, -0.44790876093422]
0.9504468712873473 [96.41050068815268, 0.47159565719439744, 0.7183376750911106, 0.9984937039220778, -0.42548089151257873]
0.9501178126698687 [100.61738359544009, 0.419500715537126, 0.9984859141141906, 0.9984610358989779, -0.3403727849308956]
0.9480056225186461 [100.6404539375476, 0.41542792011290003, 1.001504260428575, 1.0017128005214841, -0.3126765036499083]
0.9454254462830773 [100.27885716101673, 0.3996720364674464, 1.0945043333716793, 1.0015002081384514, -0.34306449514663206]
0.9436891655874963 [101.91424232730574, 0.3722657557877542, 0.9966156875828573, 1.0015037081172857, -0.3463879859905189]
0.9429157040438803 [101.88191139779116, 0.3747167268424717, 1.0015044140558598, 1.0015121260227628, -0.318386572161354]
