0.9794465654154019 [96.83868023784191, 0.532362317841864, 0.3306723031569888, 0.5396108085800835, -0.5486525503740602]
0.9789290973052783 [96.57158586060123, 0.5264270030692104, 0.28963249271228353, 0.515578191800031, -0.5568849439271923]
0.9788133839417155 [95.90287270661088, 0.5472383006841096, 0.2560287199071419, 0.5191515199521619, -0.5630493402709861]
0.9770919086902834 [93.3983734853957, 0.5689307260170713, 0.009999714334689047, 0.6318006317057344, -0.5551084110812583]
0.9769839334723717 [93.33587633556938, 0.5684156539044971, 0.0021065639429514995, 0.6263334649927381, -0.5574779935683781]
0.9769684910935619 [93.30492049628052, 0.5698144689699758, 0.0016511185865967274, 0.6343984027266711, -0.5555076043895385]
0.9769363673378954 [93.32769889463458, 0.5675419384559076, -0.0009373780643011323, 0.6276670375966953, -0.5566625801354619]
0.9769170159247247 [93.32436400723002, 0.5661587196821078, -0.0020976813231900877, 0.6262928875492006, -0.5566137403711198]
0.9768864203502582 [93.24889831128039, 0.5677530035161704, -0.0038576376691900885, 0.6245722014653644, -0.5607108895783509]
0.9767240970685104 [93.15326809711493, 0.5703737421389041, -0.01535040731025726, 0.6333652140833401, -0.5575502917491277]
