0.9778401567278006 [94.7360407334406, 0.5469177605670765, 0.4714837913821551, 0.5638711475007364, -0.5661377568664858]
0.9778398607198805 [94.71849222602285, 0.547201883256768, 0.47034885966162, 0.5638531087106262, -0.5665875584017865]
0.977839140259035 [94.77611283675836, 0.5461993553801043, 0.4735663043467996, 0.5647121638435066, -0.5651776131780882]
0.9778377145489429 [94.79196507580556, 0.5476665632059374, 0.47993347781601936, 0.5677717265230546, -0.5645288115995978]
0.9778347216765391 [94.69329806986082, 0.5486206937714178, 0.4673480356800064, 0.5704555518707909, -0.5652960867597423]
0.9777339072464746 [94.48391894515407, 0.5465341127379179, 0.4425989138517254, 0.5606213294016278, -0.5701825650105008]
0.9777101770981845 [94.50231781734277, 0.5454062299549738, 0.44371650478629354, 0.5574991612106437, -0.5706466976292912]
0.9777032011569459 [95.11410019585782, 0.5483590824879516, 0.5149257356005779, 0.5725233065943116, -0.5591143569324222]
0.977568847713427 [94.15300967068589, 0.555761657839114, 0.41497074637947357, 0.5620449659126667, -0.5708995625072883]
0.9772318578700215 [94.16587868667932, 0.5429458472620392, 0.4049955890034279, 0.545493752632515, -0.5784104945413171]
