0.988311955708611 [97.42717109260016, 0.39723920614687225, 0.8719991685589075, -0.0811497085586878, -0.6641692464397222]
0.9883082246202356 [97.45378692157782, 0.3952144931568247, 1.132282725516358, -0.07928041377254336, -0.6669467797161549]
0.9882857699325587 [97.45152158712713, 0.393553750938499, 0.8606759475176348, -0.07657666898362246, -0.6701854348043429]
0.9882591837637735 [98.0561368501356, 0.38612073924051493, 1.0766508330887483, -0.07665727498789784, -0.6718139357933319]
0.9882452877523535 [97.51625403044682, 0.3909830613414052, 1.140166428206004, -0.07450063264943946, -0.6726480249206465]
0.9881876550513706 [96.33537345946905, 0.40880940970466334, 1.2403826963634357, -0.08497869388416301, -0.6633261065038736]
0.988104037547325 [98.50988991865738, 0.3867368607194814, 1.009174607463967, -0.07533861425602129, -0.6518298642457931]
0.9875532358220623 [95.08691902143832, 0.4269796954277535, 0.6266945644170598, 7.916809715845394e-05, -0.6687491376459178]
0.9874924971383979 [94.91900085471991, 0.4293620457705801, 1.3932021171326041, -4.265520303493575e-05, -0.6648075410040584]
0.9865843318728303 [97.99194780801449, 0.38663540298828913, 0.9009117903748126, 0.05215604918089184, -0.6751515892834794]
