0.982898580021806 [94.5462820486713, 0.495174712949669, 0.7401453375836823, 0.3678735890578001, -0.6105442251712754]
0.9828974593770933 [94.50642608622618, 0.4956293819465025, 1.2650447725391223, 0.37042530495733794, -0.6094671087725552]
0.9828961987327931 [94.65472056536632, 0.49668242087078796, 0.753642841618815, 0.3716051515751059, -0.6067737564101887]
0.9828955781712975 [94.71324806146308, 0.495487637625864, 0.7601954364653023, 0.3686681438599855, -0.6073422395844807]
0.9828652778765111 [94.69241265494139, 0.4994903055710572, 0.7626516028632828, 0.37378893596590923, -0.6050402585960255]
0.982826770359866 [94.7857109687085, 0.5013060364430908, 0.7691713005171434, 0.37957014292176383, -0.5991709982754242]
0.9827960123785191 [95.25193469942158, 0.47867178685441925, 0.7999536250834227, 0.36047542188031234, -0.6099715252312901]
0.9824194125708853 [96.71834889598962, 0.4700247820220226, 1.0291538469102524, 0.3265469794304763, -0.599096933369498]
0.982403551749549 [96.75683080881544, 0.46945217932839445, 1.0252912684014615, 0.3255216227790689, -0.5985913610491929]
0.9823594502528763 [94.26647615482318, 0.5086525028713282, 0.7025557555611963, 0.43828736833415005, -0.5923795492731152]
