0.9888947796364327 [98.50287535040135, 0.3905273383456233, 0.5646974459930412, -0.10443078920911847, -0.6606411394213058]
0.9888657646637896 [98.24995577713388, 0.39902249699664805, 0.5644530421970978, -0.11036331787456574, -0.6512969735836288]
0.9888343988311903 [98.5995907193493, 0.38561539384539967, 0.5574414319750933, -0.09996153570706494, -0.666951809570444]
0.9885959407695498 [99.23573717921997, 0.39356190249038747, 0.6799949840618974, -0.11065379705940268, -0.645082262287243]
0.9885879072310161 [98.73017984580582, 0.38229075562479636, 0.5798851110251115, -0.08077618890119256, -0.6742348245820824]
0.9873687290455575 [101.76066193988648, 0.36268806521282004, 0.8972407509575139, -0.04367716555697195, -0.6574381076519343]
0.9872707175072091 [97.12468442233629, 0.4085460633843008, 0.41772794104574484, 0.05353572999796247, -0.6621727787401963]
0.9872218404071079 [96.43676253093192, 0.4168159006003138, 0.356975700849762, 0.05480914720770181, -0.6632459380032641]
0.9871737438994498 [98.55472600119882, 0.3941815040853609, 0.5585696975471812, 0.04516153607328093, -0.6601245081094018]
0.9869011164421926 [96.30344537607792, 0.4189174325134141, 0.3403209296668027, 0.07366486606113286, -0.6609039348892489]
