0.9699304461757505 [101.7625302222136, 0.5476174797090956, 1.020035518007395, 1.0061872450287714, -0.36422479072468134]
0.9696450674524866 [101.53482390118194, 0.6033184018983612, 0.9832234163671221, 0.9984905767554195, -0.37041694022180427]
0.9659200062308398 [97.29497480480278, 0.6938458684995578, 0.7034041894829829, 0.9588852721218956, -0.4771843907436516]
0.9627550673666252 [92.8881994692753, 0.6446428024197246, 0.3118996673264757, 1.0047260165657188, -0.5272223319752839]
0.9617271216072076 [93.54694484363127, 0.6008889443055847, 0.3151532827756933, 1.0214633293675723, -0.49979356440674433]
0.9604286522707361 [92.65521971897128, 0.605466727828812, 0.24959965089396774, 0.9760391337142825, -0.5152419796180664]
0.954900682937402 [93.16666340744493, 0.5421869241747297, 0.15693519296780517, 1.0374861386745462, -0.47216193753332714]
0.9545840628035489 [91.66245089340602, 0.570299819234928, 0.06470570839508329, 1.0054730856876564, -0.5118500876607088]
0.954132644263758 [93.6569547576295, 0.5265000515016495, 0.1495118005955931, 0.9975499091261453, -0.4601651315297658]
0.9513659322079471 [96.59565384510131, 0.4728319556068217, 0.27842872507377026, 0.9984935983875178, -0.39538386161641653]
