0.9687371716477837 [97.78547317450662, 0.5841891460701059, 1.0168332979101202, 1.0015850275069909, -0.42642606710184083]
0.9686903348235865 [97.93885618282417, 0.5692366062789718, 0.9984453839336213, 0.9982804137837399, -0.4224102795066276]
0.9686853029729725 [97.94575484374968, 0.581629142557815, 0.9893303518991408, 1.001694084656972, -0.4252588790828505]
0.9681486720269012 [97.93010988529653, 0.6116498928523119, 0.997209967160678, 0.998431392334459, -0.42902430045115736]
0.9675885870541522 [96.12708538579456, 0.606313083713733, 0.839997047826746, 1.001614677495085, -0.45698338824276513]
0.9674589974733686 [98.23101303708594, 0.5391715895197096, 0.9984060383979081, 1.0334976101297662, -0.4252648179757152]
0.9671377195124141 [96.10529414126401, 0.5790055168603647, 0.8201722112065205, 1.0015333422600663, -0.44807396123981436]
0.9668086331510694 [95.91086794631116, 0.5803246769412875, 1.1844325212985405, 0.99250348010231, -0.44407735481340604]
0.9665714825858835 [95.47222109024513, 0.6316887847960794, 0.7865082843573976, 1.001543155157631, -0.4580737441595903]
0.9647663704520794 [94.02688334778298, 0.588204490506096, 0.6377762798092291, 1.0017280834602618, -0.4859662339010239]
