0.9857320494785454 [97.94436031304753, 0.48300745727239613, 0.3729091044890513, 0.3507129127813335, -0.5881330026451839]
0.9838603131067607 [94.38758012631953, 0.5134890444029186, 0.031174733929747053, 0.4218573411775291, -0.6001371667009825]
0.9836118748614631 [94.088322058757, 0.5191847797990709, 0.007890440363121955, 0.43754372009847703, -0.5968555872107173]
0.9835387852568975 [94.06751097058344, 0.516974694743007, 0.0024227765071452687, 0.4303957434408194, -0.600480725370439]
0.9834643614247901 [93.95167053390102, 0.5206931415272009, -0.0046227657988567586, 0.4413679628127059, -0.5967048350417321]
0.9834266449237784 [93.9214875962337, 0.5208147551213258, -0.0077473658145339516, 0.4426863105256861, -0.597195284736495]
0.9834007448966054 [93.8777696640617, 0.5217529074953261, -0.009871441002282455, 0.44257800599023217, -0.5977894963406936]
0.983364871531227 [94.05788551977489, 0.5137864000975292, -0.0042284308164119285, 0.4175878293776292, -0.6067009876986128]
0.9833492455760849 [94.27330622225864, 0.5070858877323082, 0.014479760308485792, 0.38662162606275496, -0.6167101324188495]
0.9832855027078258 [93.783420426672, 0.5224180636879616, -0.01935626233333889, 0.44537878641168593, -0.5972717245858715]
