0.9293399992510836 [88.65827911499794, 0.8662666523980218, 0.005138919923841521, 0.997998280757137, -0.6893517523382237]
0.9292406828684631 [88.33748821231868, 0.9026292800357362, 0.0026603184033313514, 0.9984967739888855, -0.7155659691026026]
0.9289052224569991 [88.44896855379687, 0.8801617107873646, -0.0052269762518679114, 1.0015010769041393, -0.6973883179391139]
0.928098051286551 [88.5522888344247, 0.8704068220650277, 0.007803989627971296, 0.9678547627678322, -0.6997898344980388]
0.9156673186600947 [98.82027004126263, 0.4270614962074152, 0.04945698857604462, 0.9984972079061813, -0.37139282457913225]
0.9139975804967195 [95.38170070877138, 0.48948934775286157, -0.011701276630865846, 0.9916269819144383, -0.45080194957470987]
0.9129465435235145 [99.99964294947452, 0.40193955987905794, 0.03144997466761455, 1.0015031293836454, -0.35867203846075485]
0.9103264717508691 [99.86841813982562, 0.39678931947803453, -0.009726715428395124, 0.9984995348251873, -0.3548254386084154]
0.906596930980442 [102.09861502619395, 0.3565791370121181, -0.008699269708109279, 0.9984933113999848, -0.3547163785079403]
0.9052025837808468 [102.48188463451373, 0.34947118413607753, -0.012090788347235567, 1.0015028601632006, -0.37605396400420477]
