0.9764219200422765 [93.55070069224969, 0.5529613936137288, 0.6671913554948308, 0.5794233225356367, -0.5687530015484048]
0.976421852668085 [93.56424811308901, 0.5525318499805671, 1.3317088259398988, 0.5791191596363879, -0.5687120082801844]
0.9764073522470377 [93.04147981732936, 0.5577527135698601, 0.616812492769456, 0.5794048571037873, -0.5756498349129806]
0.9763228312143182 [93.8780662221228, 0.5531710043668916, 0.7020053660228325, 0.5845479907194766, -0.562309920701717]
0.9762258350095895 [94.0629312491158, 0.5528745093854547, 1.2785635334799537, 0.5862916576769526, -0.5591800875601551]
0.9762041507950309 [93.43308429258845, 0.5684268829075171, 1.3297266448841338, 0.5969472231044879, -0.5641909706105296]
0.9761330599128905 [94.24570865220821, 0.5516971711050446, 0.7393244811904327, 0.587589752944194, -0.5561368525138434]
0.9760058849105323 [92.67693235678996, 0.5505042391695776, 0.5732247590026973, 0.5610910825211675, -0.5776292186600966]
0.9756366729929605 [95.34548871452266, 0.5300816601088918, 1.1360248300595681, 0.5139756126891802, -0.5619314691283084]
0.9746873518330424 [96.99462972933352, 0.4932857687092891, 1.0043922305906356, 0.5156060474644459, -0.5301013263540403]
