0.9876203819478044 [96.11049787134888, 0.43969281771580154, 0.8427995490125213, 0.16248212607203175, -0.6563930326497734]
0.987616320843842 [96.12495295927945, 0.43707563336832067, 0.8397310841132921, 0.15810912838148752, -0.6600120291557604]
0.987607645035755 [96.11707124115232, 0.44211553966168315, 0.8479619450180707, 0.16635626871931575, -0.6527201893232273]
0.9876076206400571 [96.11506908021855, 0.44206854606344337, 0.8476644254373101, 0.16664356117033663, -0.6527823588842712]
0.9875780539512989 [96.13797957197549, 0.44438087856538677, 0.8547378761195237, 0.1696149748350052, -0.6492061345649972]
0.9875573782718535 [96.17557569076405, 0.43169135063980835, 0.8351575520829857, 0.14975751863713554, -0.6668616288698306]
0.9874685532539808 [96.16677392442219, 0.44914538110587887, 0.8658447341501863, 0.17795219229783038, -0.6415614163705163]
0.9874685503022258 [96.16378641984116, 0.4491982067902102, 0.8657539346881254, 0.17750919022064782, -0.6416216320579415]
0.987290620669562 [96.17580589454055, 0.4543368247537692, 0.8748704684635504, 0.18632277443876025, -0.6341714444353856]
0.9870636694876218 [96.25352873936353, 0.4593199497623459, 0.8913690855416381, 0.1879870463581501, -0.6256969722344827]
