0.9702792130093405 [96.0636657677029, 0.6109583889759769, 0.856559386353296, 0.8639271957655829, -0.46992930660176124]
0.9702471646873689 [94.33094654579483, 0.6259796063557552, 0.721135196590773, 0.8550287752704673, -0.5086799392690633]
0.9701628616515149 [93.83791815550413, 0.6177002437501282, 0.679562014880972, 0.8292117076071823, -0.5200401823144736]
0.9701622626420859 [93.77376350681936, 0.6181307241325258, 0.6754013014077551, 0.828849137996167, -0.5216631075588358]
0.9701381528056144 [97.6695818481505, 0.5875277841901709, 0.9822303657081315, 1.1265554936683033, -0.4381021756271485]
0.9701205379677449 [97.76752381017177, 0.5905084401216457, 1.015652847566629, 0.8911822698788372, -0.4332322533506343]
0.9701025614011713 [93.38204646650252, 0.6235832969238171, 0.6469816695057944, 0.8246396717333102, -0.5298822633786229]
0.9698200337265205 [93.12942692059858, 0.601532699980802, 0.6311741127793433, 0.7791811758028556, -0.5415769510477055]
0.9696551196936674 [92.51524507187423, 0.6187318775256059, 0.5659032511728603, 0.8030533245325406, -0.547385590193454]
0.9673720964486541 [92.09382451700966, 0.5595722977981001, 0.4765963666620142, 0.7721658084745231, -0.5411783067158893]
