0.9877056863608714 [98.74727269436889, 0.38249686260790405, 0.5515600365908475, -0.17257676952863416, -0.6677735081796561]
0.9877056192418248 [98.73315391908562, 0.38271521617535326, 0.5504127799185841, -0.17095867595878284, -0.6676583229330029]
0.9876089653210176 [98.37502360717069, 0.39536149737477194, 0.55531894703464, -0.18286089809199457, -0.6523590344850818]
0.9853323215106266 [97.20918775865243, 0.4022876622458025, 0.3905426019809116, -0.009215449284403609, -0.6775238854347716]
0.9851812868613904 [97.10977937586512, 0.4033407381265066, 0.38024537613756104, -0.0022489939783922395, -0.6774700916283679]
0.9850041550224092 [97.01968376530851, 0.4064780796443831, 0.37962179522470924, 0.005375545429652545, -0.6752615705746619]
0.9849709897057847 [96.57205315410671, 0.412227456947557, 0.3400006234819258, 0.006054341971750887, -0.6741671577393524]
0.9849622390444064 [97.1127611942882, 0.4032943101225457, 0.3791048978944791, 0.007810138259928318, -0.6780492452088365]
0.9847750825207927 [97.02717745895616, 0.40385607934478474, 0.36921508703951034, 0.01627513020517636, -0.6788481020793242]
0.9846835024222838 [97.15271985193607, 0.4028721501654356, 0.38012265982826937, 0.020268661765054968, -0.6778210597156769]
