0.9886152273700376 [97.91774236942999, 0.3898570569090798, 0.6967393461919659, -0.08289180771018087, -0.6681361642831443]
0.9885528900959151 [97.64811707577418, 0.40481119953865347, 0.7211938455138764, -0.10080515394665669, -0.6496822706440741]
0.9884959372898469 [96.73527727102922, 0.41710237151062146, 0.6341787139218841, -0.09871468472863654, -0.6476445808064062]
0.9884621837342022 [98.17887657603131, 0.3833500328687649, 0.7058504892482718, -0.07910291215977186, -0.6749958952480147]
0.9876862990274176 [98.73953280463388, 0.38081914532608074, 0.7769986059216263, 0.000635486123271413, -0.681851721466022]
0.9876515146446097 [100.79796687386767, 0.36082115493960726, 1.0031118894683868, -0.04429606457542511, -0.6645480410555953]
0.9874184540156288 [99.88294631732907, 0.36730862714794776, 0.8802947618717887, -0.0032178807297058463, -0.6821257621397887]
0.9873558430970978 [99.07324514939314, 0.3833302607174106, 0.8200973178729802, 0.016594532601175528, -0.668042004178967]
0.9863612878413129 [94.87256730771185, 0.44500053850445553, 0.4387182092848936, 0.08646408669354014, -0.6478790670972712]
0.9859521064379708 [96.01075556319554, 0.415616743627949, 0.48808648620110995, 0.1194000289202618, -0.6657162074662991]
