0.9890852275924544 [100.01766657180843, 0.373687932489161, 0.24508844300867305, -0.15622308541193175, -0.6690869302438812]
0.9888340286094816 [97.77636728079449, 0.4066562160087859, 0.09544052506235033, -0.16678995441293443, -0.6506022366510495]
0.9883775098343214 [96.76519489732314, 0.41539243004196863, -0.004922287823046188, -0.15047529360544548, -0.6563050848854816]
0.9883387737434438 [96.55435627285482, 0.42381154000646204, 0.005201672684144628, -0.16185665209486993, -0.6472171071528963]
0.9883345807914914 [96.7935601382726, 0.41322436140916297, -0.011961489871591516, -0.14587252064825984, -0.658992117040663]
0.9882975318771146 [96.49641733215279, 0.428626213380573, 0.01833050679728252, -0.16858454561757197, -0.6410773614217038]
0.988080959867879 [96.28023522636522, 0.4219473706219979, -0.043319784208881607, -0.13627664923973934, -0.6564356714766918]
0.9880028415934813 [97.93255465465879, 0.3862733889397979, 0.008233161247671476, -0.1298578767875133, -0.682787797809827]
0.9877883225592796 [96.24306593773494, 0.4170200439829256, -0.07426472564208554, -0.11779351153868772, -0.6650129372672199]
0.9872890943044523 [98.00977641156548, 0.385629759321116, -6.074660385380914e-09, -0.03546496421899335, -0.6867405951490329]
