0.9887876321925202 [98.12256914513728, 0.43319605700863684, 0.47264890886722577, 0.15930177000957338, -0.643536740849505]
0.988778932646942 [98.06841447179552, 0.4362560655066716, 0.47335331787308943, 0.16502499919860844, -0.6400482578134155]
0.988778930479482 [98.06683249146741, 0.4362864642133032, 0.4732661731230945, 0.16492291579309823, -0.6400724941289906]
0.9887780925605788 [98.15127580599606, 0.43207470690042543, 0.47340865345415684, 0.1572627873698731, -0.644684798746386]
0.9887778431673858 [98.13134613049922, 0.4338250384752771, 0.4754377766894823, 0.16047998402746955, -0.6423374090168352]
0.9887529493219301 [98.01164928096543, 0.43935200240669275, 0.47367397442883696, 0.17083034153541682, -0.6365579490310813]
0.988744446436644 [97.8779082609815, 0.44077472519609984, 0.4645472327704973, 0.16189970344461943, -0.6387501764765896]
0.9887130442467515 [98.31996460526526, 0.4237489700216896, 0.47296283898361496, 0.1430161282438184, -0.6538548086481749]
0.9887093981283072 [97.94975636075606, 0.4425364902993728, 0.47336508557752743, 0.17713748776481297, -0.6331460406345732]
0.9884713151674029 [96.61280424463519, 0.454062540060433, 0.35237984363260133, 0.16022021791865398, -0.6444458231212526]
