0.9617747477590822 [99.88977304408323, 0.6115725601423769, 0.918641081695191, 1.0015034198136599, -0.43193578592252413]
0.9553966744887339 [94.02749290791635, 0.7284539723910062, 0.5126526215576619, 0.9984987920023783, -0.5757194072777662]
0.9539902646189563 [102.05912558982584, 0.4438895786195416, 1.1148068866606464, 1.0292030517419963, -0.36099946956445117]
0.9486965017059104 [93.04577528546179, 0.5878330794099895, 0.27299811468629587, 0.9984511728234085, -0.49556013879302985]
0.9437660785953421 [97.35525245686789, 0.4675931592775715, 0.39346131117147276, 0.9984974319485327, -0.38067774555918965]
0.9429497954839144 [99.81190467533608, 0.42850933622079757, 0.5158000900381161, 0.9984907491382554, -0.3403746121755367]
0.940381900758426 [96.09730658311094, 0.4662976344467861, 0.27526367145204866, 0.9965538921200147, -0.41365327900228155]
0.9398958200013636 [96.63317138799975, 0.4578713246553434, 0.29916948019863443, 1.0099001741967437, -0.40773601340121624]
0.937794937507354 [100.18009013848224, 0.40316061040230844, 0.46407561407935516, 0.9984903577774598, -0.3348633430832245]
0.9336941718591183 [100.02774019854249, 0.4004939828172953, 0.3975342580772472, 0.998020900866265, -0.31914316348108845]
