0.9618616018548154 [99.17960133476848, 0.560856337146285, 0.9897143955338152, 0.9974017735309625, -0.4399934218490661]
0.9617771356431515 [99.19751482002917, 0.551100592751922, 0.9766910609660153, 0.9984793206744209, -0.4195519634833189]
0.95935006406301 [96.75282142400872, 0.5987556607989513, 0.7791964393653463, 1.001507359355651, -0.4539813755634593]
0.9576996968418829 [96.07088815389908, 0.5812224613193466, 0.7021931546496188, 0.9984943670959199, -0.44667750423151753]
0.9529027512437478 [100.02007244857012, 0.4835752741339166, 0.9978703356888117, 0.9178241608232092, -0.4017045901598225]
0.949467817551487 [102.346885184044, 0.40915357390167, 0.9710948772502002, 0.9984985926134049, -0.30807127248641436]
0.9482922243521275 [97.62644063925487, 0.47112376923707333, 0.6289681557481692, 0.9984801757247812, -0.37387584118178663]
0.9455805315250418 [93.46626377420209, 0.5214757893303443, 0.33700251123207625, 0.9984956208381498, -0.4894296836500141]
0.9436602640884532 [98.0159045728704, 0.4383788808348689, 0.5763259956579926, 0.9984990317842449, -0.3736496502772231]
0.9407805848874086 [104.20845486704935, 0.3642155094769726, 0.9984604685716609, 0.984955124569453, -0.30056533976393673]
