0.9604740491955566 [93.74639550275636, 0.6056375616253897, 0.012387287469989855, 0.998490949412577, -0.48579410040553467]
0.9602217913411566 [93.50078185077834, 0.6115884173507393, 9.188509886005359e-05, 0.998496878296113, -0.4885123484229185]
0.9601502248857661 [93.47541836823959, 0.6093519625886594, 9.649888928943297e-05, 0.9977892363796261, -0.49014010587591295]
0.960127845303266 [93.57563531343357, 0.6072863702498827, -0.0019157680159543498, 1.0015241814000797, -0.4846106961346974]
0.9600896207445497 [93.50076722417933, 0.6091553069805572, -0.003629025181356351, 1.0016895100859293, -0.4889162087265353]
0.9600813899872637 [93.58020315527193, 0.6066891864690662, -0.002851360556590295, 0.9981745705648757, -0.4814032123401548]
0.9599757625578582 [93.91761684390823, 0.5915873067968425, -0.003982501119497508, 0.9984390357932522, -0.472670678026032]
0.9598397159250063 [93.66722537502298, 0.5988066103069539, -0.013374803660557735, 1.001729096310397, -0.4810236631671718]
0.9595829472180761 [93.6464152919398, 0.5924359577001188, -0.017318569478957803, 0.9980637326089314, -0.4801945078372285]
0.9595475157272597 [94.67797878017723, 0.5642143964925277, -0.0009185522485963128, 0.9983776003051498, -0.4665002378981109]
