0.9896739232831103 [98.98852107322976, 0.4013634645922798, 0.46918703577255305, -0.02931129615634348, -0.6582246503960807]
0.9896284691808612 [98.68108182249293, 0.4117321764296235, 0.46652925944354895, -0.03653542122085234, -0.6482048489707077]
0.989498626792769 [98.77836217410594, 0.41535875919195964, 0.48974216422251304, -0.019611109709366827, -0.6421287154298103]
0.9892636772771994 [98.69082146119749, 0.4239853181857507, 0.5057201857948352, -0.04773993195435555, -0.6300477674716389]
0.9891386722419958 [96.75118316482768, 0.42535748677210367, 0.26151332204315647, -0.0059144214885106135, -0.661149264646262]
0.9890276471182637 [96.37598802781719, 0.43599724233442627, 0.2526748461569466, 0.00732031266671547, -0.6572690786431696]
0.9889146328715921 [99.08978923952384, 0.4242295021867814, 0.5564261687115153, -0.030154655345266818, -0.6247849707835471]
0.9883077208958936 [96.0635940025613, 0.446316077911801, 0.21691805645560674, 0.1333646987109403, -0.6398229980471666]
0.9881574178185799 [95.62153159301161, 0.44968209436406864, 0.17320092155125721, 0.1357604705470174, -0.6430633696461021]
0.9878221881427913 [97.01830602424131, 0.4268144356803615, 0.26251966608770794, 0.1848332209533512, -0.6397114208210963]
