0.9894361984810403 [97.43801785658214, 0.40986829434710126, 0.7226409200678918, 0.0077907443290444155, -0.6651961230691177]
0.98943236331019 [97.4752212544364, 0.40730913208193087, 0.7186878246926227, 0.008895960825536982, -0.6678733187091308]
0.9894323609235224 [97.49318758353162, 0.4071249291774449, 0.7206117037571812, 0.00857249828144574, -0.6680433476072778]
0.9894317010744456 [97.53968197866888, 0.4064305980240836, 0.7251090795672124, 0.00932016601729051, -0.6682368132365786]
0.9894211680309131 [97.38366712719882, 0.41278266775716493, 0.7245724959658266, 0.007490512970216109, -0.6620881695308696]
0.9893665469954528 [97.60179833082158, 0.4016618025966979, 0.71616413528604, 0.009536136691511068, -0.673745187466851]
0.9890857154361472 [99.21490299824748, 0.38926134233523796, 0.8963888304901804, 0.022013541010604515, -0.6681906828371059]
0.988815225316793 [96.12350258364637, 0.4406763429929934, 0.6356764587065125, 0.0557264265997758, -0.646232895388922]
0.9880681655456472 [97.81355971887461, 0.40727754583324144, 0.7406793362658568, 0.14007084674478076, -0.6605749303695596]
0.9872929860897004 [94.8547148297657, 0.45634439456772813, 0.4852108754763405, 0.19186549209005738, -0.6347998345770918]
