0.9694959963541938 [104.05751398773376, 0.5236449654804665, 1.0150555971149895, 0.995556412105493, -0.3297817427833549]
0.9635590197376525 [93.96465144023324, 0.6734337998983784, 0.28144961184935935, 0.9984377633676603, -0.5102915002750218]
0.9617242201918702 [93.02123081901756, 0.6709080978708706, 0.1947536445253637, 0.9984851889450541, -0.5197365100620543]
0.9606988055101835 [92.999760162126, 0.6362242720757514, 0.1495364415944207, 0.9973033678294312, -0.5101968830485113]
0.9598251475289167 [93.01955108135108, 0.6120940307412684, 0.11986272409194426, 1.0019462340848249, -0.5079095913833404]
0.958928631297333 [92.75898080913328, 0.6080454781688212, 0.08407019862711176, 1.0015522809351691, -0.5018426942575868]
0.958877216082403 [92.70532728254999, 0.6101512451056097, 0.08213665984998257, 0.9984401716379654, -0.499185883831615]
0.9576375642610149 [92.31532260692873, 0.6064455598191791, 0.03320338888318525, 0.9983124843888194, -0.5031639542876423]
0.9574998128524317 [91.5283082393592, 0.6409399179572941, 0.02966531251060899, 0.9787187060763297, -0.5238437230663084]
0.9527255939119043 [92.8980814247598, 0.5396358408204398, -0.06290404644655856, 0.9983938625810971, -0.4689930768658776]
