0.9868908407047331 [98.39284216592532, 0.38228917150786956, 0.9483358870030272, -0.1473203531866281, -0.6762891302975631]
0.9850849024601472 [96.49588717373666, 0.40415843220299735, 0.7294648610334917, -0.01694572247749143, -0.6882281506751111]
0.984996683214071 [96.41583169300182, 0.4072421570006128, 1.2713681422818353, -0.013454785513580004, -0.6858005568190014]
0.9848124187983307 [96.28953640134394, 0.4050015650223965, 1.2995677598253281, -0.004856408606253022, -0.6913488158590575]
0.9847779168982683 [96.3155574861516, 0.4084977398347165, 1.2827754306490355, -0.003659358365591898, -0.6858100827263443]
0.9847724410346403 [96.38540623513529, 0.40377413109202864, 1.2905095519936696, -0.003038389475220154, -0.6915795647076315]
0.9847400468738187 [96.1751166707123, 0.40864418954403203, 1.3038834599159177, -0.0014008879308906033, -0.6882002921124185]
0.9847245973438726 [96.36566558654037, 0.4040083705729981, 1.2929114416841614, -0.0009069071209659762, -0.6914072494890203]
0.9845711661165948 [96.1756778326423, 0.4118298175104447, 0.708127261385656, 0.0039949509022459955, -0.684157411573685]
0.9832846120176337 [98.43366536754864, 0.4077213183300402, 0.9984946641470711, -0.008540203019393181, -0.6552387039363352]
