0.9843898803691634 [95.90211031539779, 0.49341718581022864, 0.5378095293105736, 0.36569600024500837, -0.6020981665715747]
0.9843861548684758 [95.87178992674424, 0.49539481172868355, 0.536835226849683, 0.36377494404384325, -0.6009266920716752]
0.9843828088561988 [95.92253841122059, 0.495627626675117, 0.5432148868066161, 0.3712742911078066, -0.5990004128662061]
0.9843828047576898 [95.91909996463623, 0.49569202296839343, 0.5429586828394062, 0.3712657738061687, -0.5989133640597863]
0.9843286986645393 [95.89746274362804, 0.4892948016764811, 0.5310843767472111, 0.3553210586792992, -0.607441216444642]
0.9843280249298082 [95.25496460764155, 0.5027596825806152, 0.4761556956474155, 0.3847113047076634, -0.600857822335817]
0.9843181595320403 [95.88830182945048, 0.48876769625580296, 0.5302685767126858, 0.3522467372101188, -0.6086275608055897]
0.9842603507886779 [95.55065640608964, 0.5063930689896969, 0.5124652295855313, 0.3964450989100104, -0.5920907204596706]
0.9841103130201202 [94.44082830575223, 0.5210882368393055, 0.41136858697140766, 0.3983028321604154, -0.6026709345214589]
0.9837853325503889 [94.2506353244523, 0.5157593598043231, 0.3769829859404217, 0.38415379694338536, -0.6013102700576123]
