0.9479230539363969 [99.66688276241644, 0.602369404346004, 0.9525433191023512, 0.9822758943080288, -0.45527963785438236]
0.9474733110807588 [101.33223207460784, 0.5147149650479863, 0.9983743178013391, 0.98910689530569, -0.3896904912567897]
0.9456875419507754 [98.51040858897363, 0.5598930258098542, 1.2225383128416754, 0.9984998627478134, -0.43361847346072924]
0.9403475914918471 [92.14411473696974, 0.7123849435103609, 0.40787170328949407, 1.0028649521856967, -0.5990844829832547]
0.9359650872592397 [101.89807793805832, 0.45702983224654475, 1.0249285692993357, 1.0549157786801504, -0.3721818922414034]
0.9331597590454473 [91.95033858378287, 0.6230509428527975, 0.27482614507638037, 0.9984665815646641, -0.5266294475111561]
0.9314503493887175 [91.94198345767428, 0.6123196552067179, 0.25673311840497104, 0.9931990556936177, -0.5219718174201476]
0.924591193556172 [102.06906726374464, 0.3883587151911883, 0.681017142478928, 1.0015017957918246, -0.315000007305386]
0.9218308571820008 [97.59375418075584, 0.4541476568165371, 0.42710286565432776, 0.9865911712777334, -0.3683168827748907]
0.9163725257105614 [101.90292917693715, 0.3653119123514136, 0.5199292317782305, 1.0015061733189712, -0.3498782081179647]
