0.9451580321062125 [104.80885886671265, 0.44174224395134665, 0.998433771225548, 0.9984227801900925, -0.32214839029027853]
0.9430500064879354 [101.08367828152882, 0.5847772133180061, 0.9311554715576748, 0.9363907958253175, -0.4421019017245986]
0.9358563715194637 [90.14025579033193, 0.8160342131892216, 0.19164656623744372, 1.0015014273033758, -0.6682571919874627]
0.9201995936753803 [96.46762121389426, 0.4701757053881279, 0.204937860440299, 1.0015120670512714, -0.4251099539458258]
0.9193697960891661 [94.99092230978727, 0.49572141378636164, 0.14477564813526947, 0.998499987916322, -0.4485185250035212]
0.9168422751111194 [91.85320860554299, 0.5620642757034922, 7.197618825139371e-06, 1.0110250484089849, -0.5131431499856921]
0.9137747091844308 [102.72838439821132, 0.35887803346084257, 0.3283872294931484, 0.9984989532430972, -0.35400605249965833]
0.9133029852356338 [101.0258097376998, 0.3793893640569488, 0.2753718319805989, 0.9971384301338446, -0.347253554307999]
0.9126405631598193 [103.26891167045234, 0.3514579870147582, 0.33579444334261965, 1.0015019684627766, -0.33807471906017006]
0.9116746157168466 [102.77870608382462, 0.35716411728521447, 0.3110767470171051, 0.9984993287730481, -0.31921680657355334]
