0.9850800989816157 [96.75760589962789, 0.48183639472094913, 0.43132634528707836, 0.34572478603496426, -0.6048491741538037]
0.9850800379213673 [96.7603045219426, 0.4819554765949952, 0.4317980905137965, 0.34542672498181926, -0.6050053498907542]
0.9849499483209205 [95.53612626882693, 0.5090561916881329, 0.33448811970021075, 0.3858978346142861, -0.5969289913812699]
0.9849130060874237 [95.46335599874573, 0.5076146025239158, 0.3252140424377273, 0.3800956538194762, -0.600794367693121]
0.9849126057751786 [95.45237320459495, 0.5076275047579175, 0.3253814646591454, 0.3788151926109714, -0.6017153240491756]
0.9848693138306026 [95.48122262151628, 0.5060139152936647, 0.31456797952692167, 0.39664508613635274, -0.5921633356593534]
0.9848419904850184 [95.25453673327054, 0.5037122487681754, 0.2990138976829657, 0.39191453907220897, -0.6050204337457078]
0.9844917366273128 [94.79555912540914, 0.5028018607379527, 0.24189585325868967, 0.3975898879850273, -0.6040567077701798]
0.9843235371408866 [94.58428288342913, 0.5044505912641735, 0.2171851027829117, 0.40935074249733977, -0.6017811040748929]
0.9841809198738958 [94.40434214372473, 0.5083766307756565, 0.20530212198428666, 0.40135684478355727, -0.6073602690774451]
