0.9716794692034186 [97.92826184158454, 0.579449307610864, 0.42543087698665916, 0.7531562086719866, -0.48373158210113343]
0.9711018296205397 [97.58784833468286, 0.61310758246561, 0.4116327437887993, 0.7566024061524568, -0.48777237083035996]
0.968861185392823 [93.30272773842515, 0.603563080607095, 0.015309132843121112, 0.8197432678272247, -0.5212428489373299]
0.9688514092659808 [93.27802236652383, 0.6046704133586782, 0.014662304450886784, 0.8205586632226323, -0.5217748716598275]
0.9687387727924986 [93.23192681944386, 0.6041624281345002, 0.0077144368885973605, 0.8238334469709009, -0.52114317824811]
0.96866428733849 [93.16102923560555, 0.6051071977344865, 0.003212200457619749, 0.8244419377611094, -0.5227148563005857]
0.9685639199165145 [93.06599384744096, 0.6089886801664974, 0.0001492340365507205, 1.1653691701584035, -0.5223121357367825]
0.9684794182561185 [93.06278878673969, 0.6064587928736325, -0.006518264966295205, 0.8294184458964077, -0.521869023787104]
0.9684401776984021 [93.02726824077627, 0.6086127581110751, -0.008707222721008724, 0.8329641948786186, -0.5218807440755605]
0.9682098261392541 [92.97657286115329, 0.6054442784723126, -0.021612973667344954, 0.8348818719311571, -0.5198888920905962]
