0.9455811449360008 [92.75655905199392, 0.6324865646493052, 0.024747660592179598, 1.0015045314550908, -0.5138795238546482]
0.9451904191125684 [93.57201723805721, 0.5900114879077414, 0.015337041965417308, 1.0016847560073918, -0.4869325938236551]
0.9448169826741363 [92.93230972840723, 0.6152932375768572, 0.003924105682602555, 1.0015553328861548, -0.5064142224423172]
0.9443543071863983 [92.98179148785464, 0.6078192894252752, -0.00536319454217367, 1.001513115215376, -0.5021476394679857]
0.9439050686361032 [92.50077308893623, 0.6235235612441996, -0.002311171524831861, 1.0084096851346303, -0.5213268182956334]
0.9437891959699225 [91.35468378386602, 0.6886965490200697, -0.013089766577064954, 1.0015076948158894, -0.5529175113956131]
0.94303590280644 [92.79418541592182, 0.6021747744793488, -0.03718914875773566, 0.9983378143107144, -0.4998839770792145]
0.9418048659594828 [95.8613273168492, 0.4961940045452179, -0.0024290064027326836, 0.9917854258709923, -0.4401359046920914]
0.940634667499474 [94.0113958133422, 0.5483836241770929, -0.02323394735547663, 0.9710709903977104, -0.47524935432634424]
0.9340844637754505 [100.3551381356065, 0.40199168384273454, 0.006472666521632853, 0.998492604491118, -0.3415919571281548]
