0.9575744166644241 [98.79163812430087, 0.6881263017746742, 0.7223262434646388, 1.026660447859725, -0.47337396244967067]
0.9554549066166788 [94.69278535380053, 0.7095295806865298, 0.4224451473346028, 1.00150448041193, -0.5345698219465476]
0.9445040853261288 [92.71521210551754, 0.5887787925458485, 0.09368666121582186, 1.0015011763551844, -0.4967836612294887]
0.9442228144256928 [93.79982974377577, 0.5517614743250951, 0.11611775691354105, 0.998235682491105, -0.484824976425414]
0.9429006011667089 [96.64031471869404, 0.4789171766495484, 0.1916299804708393, 0.9982485653646392, -0.4164572405782301]
0.9404201570321796 [98.23692438604256, 0.4518518958477863, 0.2933260039620297, 0.9819084190909104, -0.3693927825097242]
0.938127723100078 [95.23156697140428, 0.4908130300815221, 0.08824486639948481, 0.9779716313556333, -0.4403037811259202]
0.9329847272505079 [102.31541693538497, 0.3699261955664541, 0.28510024837156966, 1.0015007829497706, -0.3539384689971794]
0.9326049849480158 [101.08631114184195, 0.39421755693614124, 0.23869758921671944, 1.0015008814907302, -0.3093628093817382]
0.9313215360057413 [102.09063322437049, 0.37308540400124995, 0.26695565857995174, 1.0015023548140092, -0.3161783602162886]
